data/processed/Maxent_results1/MaxEnt_Output_temp_excluded/religiosa.asc
ncols         804
nrows         479
xllcorner     -160.716666666667
yllcorner     18.575
cellsize      0.008333333333
NODATA_value  -9999
[rows 340 to 373 of 479, columns 532 to 607 of 804]
-9999 -9999 -9999 -9999 -9999 -9999 -9999 -9999 -9999 -9999 -9999 -9999 -9999 -9999 -9999 -9999 -9999 -9999 -9999 -9999 -9999 -9999 -9999 -9999 -9999 -9999 -9999 5.23453E-1 5.81212E-1 6.388E-1 5.31375E-1 4.6662E-1 3.41772E-1 1.79182E-1 1.23279E-1 6.52167E-2 2.49605E-2 1.04223E-2 4.62252E-3 1.65092E-3 6.36443E-4 1.974E-4 7.16926E-5 4.37955E-5 3.41244E-5 2.65502E-5 2.23937E-5 2.13369E-5 2.38065E-5 2.62332E-5 3.68441E-5 7.38261E-5 9.19074E-5 8.94775E-5 1.07488E-4 2.18753E-4 2.9531E-4 3.90917E-4 5.40281E-4 5.50676E-4 5.99864E-4 5.7862E-4 6.97483E-4 8.00111E-4 8.38409E-4 6.54139E-4 5.1398E-4 1.94685E-4 2.1349E-4 1.62349E-4 1.31686E-4 9.48362E-5 8.06108E-5 6.38429E-5 7.93306E-5 7.25847E-5
-9999 -9999 -9999 -9999 -9999 -9999 -9999 -9999 -9999 -9999 -9999 -9999 -9999 -9999 -9999 -9999 -9999 -9999 -9999 -9999 -9999 -9999 -9999 -9999 -9999 -9999 -9999 5.02874E-1 5.19457E-1 5.65146E-1 4.58404E-1 4.38008E-1 2.94077E-1 1.59808E-1 1.36836E-1 6.41262E-2 2.75753E-2 1.18729E-2 4.41911E-3 1.73333E-3 5.80264E-4 1.74475E-4 5.29551E-5 2.69716E-5 1.40898E-5 8.18765E-6 7.44246E-6 8.01252E-6 6.46434E-6 6.67788E-6 1.10604E-5 1.89868E-5 3.23939E-5 4.39007E-5 6.10315E-5 1.37531E-4 1.70443E-4 3.00211E-4 3.3792E-4 4.47612E-4 5.82765E-4 6.30505E-4 5.42796E-4 4.96716E-4 4.87649E-4 4.67846E-4 5.55937E-4 3.47657E-4 1.69075E-4 1.4045E-4 1.64657E-4 8.39777E-5 5.87939E-5 4.22947E-5 4.62493E-5 5.15367E-5
-9999 -9999 -9999 -9999 -9999 -9999 -9999 -9999 -9999 -9999 -9999 -9999 -9999 -9999 -9999 -9999 -9999 -9999 -9999 -9999 -9999 -9999 -9999 -9999 -9999 -9999 -9999 -9999 4.96877E-1 4.65331E-1 4.50395E-1 3.66746E-1 2.64744E-1 1.82551E-1 1.1557E-1 7.50717E-2 3.13417E-2 1.38368E-2 5.34707E-3 2.26021E-3 7.72704E-4 2.87939E-4 9.81792E-5 3.35259E-5 1.16039E-5 3.44367E-6 2.33004E-6 1.68923E-6 1.59041E-6 1.24487E-6 1.90376E-6 3.96989E-6 7.51076E-6 1.32686E-5 2.43653E-5 5.88697E-5 9.48894E-5 2.02912E-4 2.17794E-4 4.86714E-4 5.12174E-4 5.258E-4 5.95632E-4 3.2371E-4 3.04554E-4 3.4689E-4 4.45897E-4 3.56619E-4 1.52239E-4 1.11485E-4 1.02622E-4 7.01943E-5 5.06583E-5 4.95944E-5 4.36891E-5 3.3246E-5
-9999 -9999 -9999 -9999 -9999 -9999 -9999 -9999 -9999 -9999 -9999 -9999 -9999 -9999 -9999 -9999 -9999 -9999 -9999 -9999 -9999 -9999 -9999 -9999 -9999 -9999 -9999 -9999 4.94472E-1 4.7608E-1 4.52399E-1 3.99041E-1 2.35088E-1 1.81419E-1 1.22165E-1 8.4664E-2 3.84998E-2 1.83434E-2 7.05999E-3 3.07395E-3 1.29267E-3 4.91509E-4 1.85986E-4 5.48164E-5 2.21213E-5 4.90543E-6 2.06699E-6 1.06535E-6 5.95647E-7 5.33504E-7 7.09569E-7 1.25305E-6 2.20775E-6 5.01257E-6 1.04258E-5 2.17654E-5 4.08391E-5 1.0443E-4 2.47188E-4 2.98254E-4 1.67368E-4 1.60565E-4 2.11383E-4 2.89664E-4 2.52747E-4 2.69123E-4 3.11182E-4 2.28733E-4 1.35367E-4 9.33825E-5 7.16899E-5 8.35339E-5 4.59826E-5 4.54132E-5 3.77701E-5 3.04981E-5
-9999 -9999 -9999 -9999 -9999 -9999 -9999 -9999 -9999 -9999 -9999 -9999 -9999 -9999 -9999 -9999 -9999 -9999 -9999 -9999 -9999 -9999 -9999 -9999 -9999 -9999 -9999 -9999 2.95732E-1 4.84824E-1 4.62303E-1 3.74876E-1 2.99613E-1 1.87887E-1 1.44885E-1 9.67701E-2 5.54503E-2 2.30473E-2 9.87139E-3 4.40151E-3 2.09885E-3 1.06247E-3 3.66628E-4 1.10086E-4 3.16366E-5 9.98283E-6 3.51253E-6 1.47011E-6 3.03801E-7 2.151E-7 2.43334E-7 2.93908E-7 4.66953E-7 1.55296E-6 4.37478E-6 1.12086E-5 3.25191E-5 7.00662E-5 1.72672E-4 5.82121E-5 8.99066E-5 1.08114E-4 1.20503E-4 1.6665E-4 2.03234E-4 1.99591E-4 1.00525E-4 7.49621E-5 9.5153E-5 8.78755E-5 7.3696E-5 6.23316E-5 6.55558E-5 4.12341E-5 1.78751E-5 1.39624E-5
-9999 -9999 -9999 -9999 -9999 -9999 -9999 -9999 -9999 -9999 -9999 -9999 -9999 -9999 -9999 -9999 -9999 -9999 -9999 -9999 -9999 -9999 -9999 -9999 -9999 -9999 -9999 -9999 -9999 -9999 5.24524E-1 4.5521E-1 3.69846E-1 2.23562E-1 1.62964E-1 1.45442E-1 7.64479E-2 2.87461E-2 1.44272E-2 6.36161E-3 3.38059E-3 1.58967E-3 6.38906E-4 2.23756E-4 7.89812E-5 2.03752E-5 4.48725E-6 1.36334E-6 5.31088E-7 2.00232E-7 1.6315E-7 2.66974E-7 4.95954E-7 7.09812E-7 1.39359E-6 4.22491E-6 9.54675E-6 3.34162E-5 5.06022E-5 5.34898E-5 5.73291E-5 7.4956E-5 9.23627E-5 1.03118E-4 1.11759E-4 1.72537E-4 6.81881E-5 5.72493E-5 6.03074E-5 8.31199E-5 8.30586E-5 6.5312E-5 5.21866E-5 3.22357E-5 2.38468E-5 1.537E-5
-9999 -9999 -9999 -9999 -9999 -9999 -9999 -9999 -9999 -9999 -9999 -9999 -9999 -9999 -9999 -9999 -9999 -9999 -9999 -9999 -9999 -9999 -9999 -9999 -9999 -9999 -9999 -9999 -9999 -9999 5.01774E-1 5.68404E-1 4.06808E-1 2.71659E-1 1.71541E-1 1.37027E-1 8.4007E-2 4.73687E-2 2.02343E-2 7.67497E-3 4.70705E-3 2.27421E-3 1.09298E-3 4.7824E-4 1.44308E-4 3.5508E-5 1.23502E-5 3.40802E-6 1.41142E-6 6.80432E-7 7.65277E-7 9.74502E-7 7.67574E-7 9.34746E-7 1.15386E-6 2.96404E-6 8.04896E-6 2.72444E-5 5.15628E-5 6.53761E-5 5.2794E-5 5.78128E-5 6.19513E-5 6.70078E-5 8.35211E-5 1.10739E-4 6.79265E-5 4.99546E-5 5.19333E-5 7.00855E-5 7.42932E-5 5.83647E-5 3.83405E-5 1.99247E-5 1.39544E-5 1.22701E-5
-9999 -9999 -9999 -9999 -9999 -9999 -9999 -9999 -9999 -9999 -9999 -9999 -9999 -9999 -9999 -9999 -9999 -9999 -9999 -9999 -9999 -9999 -9999 -9999 -9999 -9999 -9999 -9999 -9999 -9999 -9999 6.08872E-1 5.96274E-1 3.85952E-1 2.35519E-1 1.45492E-1 1.11202E-1 4.84771E-2 2.40161E-2 1.11728E-2 5.34083E-3 3.0396E-3 1.47233E-3 7.96396E-4 2.53127E-4 7.68068E-5 2.15414E-5 1.48399E-5 4.70775E-6 3.44711E-6 2.1937E-6 2.04646E-6 1.94339E-6 1.83766E-6 1.81235E-6 4.34497E-6 1.05234E-5 2.95158E-5 5.39106E-5 4.43924E-5 6.20625E-5 3.76217E-5 4.63739E-5 7.34731E-5 7.43075E-5 8.01436E-5 1.37363E-4 7.74898E-5 4.91388E-5 4.71766E-5 4.8508E-5 3.61224E-5 2.7321E-5 2.33597E-5 2.29588E-5 2.03885E-5
-9999 -9999 -9999 -9999 -9999 -9999 -9999 -9999 -9999 -9999 -9999 -9999 -9999 -9999 -9999 -9999 -9999 -9999 -9999 -9999 -9999 -9999 -9999 -9999 -9999 -9999 -9999 -9999 -9999 -9999 5.92642E-1 5.62135E-1 5.79211E-1 4.56702E-1 3.05377E-1 1.9963E-1 1.09766E-1 8.16383E-2 3.45052E-2 1.52316E-2 7.15544E-3 3.52789E-3 1.92636E-3 9.14759E-4 3.97534E-4 1.48263E-4 6.01533E-5 2.73611E-5 1.9562E-5 1.47737E-5 7.72526E-6 4.32763E-6 3.49768E-6 3.29246E-6 4.59184E-6 5.58186E-6 1.44305E-5 3.89324E-5 4.05677E-5 4.0543E-5 4.11436E-5 3.90862E-5 3.33258E-5 4.97958E-5 6.74962E-5 6.20982E-5 1.07106E-4 9.39646E-5 5.47849E-5 4.66923E-5 4.11823E-5 2.84141E-5 2.44305E-5 1.91327E-5 1.93573E-5 1.74409E-5
-9999 -9999 -9999 -9999 -9999 -9999 -9999 -9999 -9999 -9999 -9999 -9999 -9999 -9999 -9999 -9999 -9999 -9999 -9999 -9999 -9999 -9999 -9999 -9999 -9999 -9999 -9999 -9999 -9999 -9999 6.10304E-1 5.99606E-1 6.79311E-1 5.36621E-1 3.2235E-1 2.47467E-1 1.66821E-1 8.81227E-2 5.73147E-2 2.16333E-2 1.06708E-2 4.8984E-3 2.25127E-3 1.23318E-3 5.25089E-4 2.49171E-4 1.18079E-4 6.47137E-5 3.5736E-5 2.80256E-5 2.30233E-5 9.32484E-6 6.47694E-6 5.84486E-6 8.30755E-6 1.45367E-5 2.19174E-5 4.97284E-5 3.87665E-5 3.12879E-5 4.53068E-5 5.72003E-5 3.31551E-5 5.26952E-5 7.86054E-5 6.29984E-5 7.97232E-5 1.16868E-4 6.02633E-5 3.21327E-5 2.89936E-5 3.06522E-5 2.16777E-5 1.63472E-5 1.50389E-5 1.48745E-5
-9999 -9999 -9999 -9999 -9999 -9999 -9999 -9999 -9999 -9999 -9999 -9999 -9999 -9999 -9999 -9999 -9999 -9999 -9999 -9999 -9999 -9999 -9999 -9999 -9999 -9999 -9999 -9999 -9999 -9999 -9999 -9999 5.27102E-1 6.21526E-1 4.34707E-1 3.0372E-1 2.00636E-1 1.24735E-1 8.84581E-2 2.92194E-2 1.40825E-2 6.24546E-3 2.8001E-3 1.57206E-3 7.84382E-4 3.86639E-4 2.01166E-4 1.12862E-4 6.63971E-5 3.92361E-5 2.74895E-5 1.5737E-5 1.32833E-5 1.09477E-5 1.12186E-5 1.59588E-5 2.66092E-5 4.51967E-5 4.44325E-5 3.84279E-5 5.34667E-5 5.65667E-5 7.37984E-5 8.02573E-5 6.68008E-5 6.12319E-5 6.13856E-5 5.91608E-5 5.04636E-5 2.6848E-5 2.0204E-5 1.69386E-5 1.34384E-5 1.34757E-5 1.20118E-5 1.4107E-5
-9999 -9999 -9999 -9999 -9999 -9999 -9999 -9999 -9999 -9999 -9999 -9999 -9999 -9999 -9999 -9999 -9999 -9999 -9999 -9999 -9999 -9999 -9999 -9999 -9999 -9999 -9999 -9999 -9999 -9999 -9999 -9999 -9999 -9999 -9999 4.67904E-1 2.78907E-1 1.7502E-1 8.78445E-2 4.97836E-2 1.52848E-2 7.67284E-3 3.37658E-3 1.95439E-3 9.70452E-4 5.54986E-4 2.95126E-4 1.72302E-4 8.21293E-5 5.96529E-5 4.0127E-5 3.65674E-5 2.47161E-5 1.73843E-5 1.83625E-5 2.85955E-5 4.77612E-5 6.73064E-5 8.08455E-5 4.69503E-5 5.67545E-5 7.65398E-5 8.15466E-5 1.05543E-4 8.63446E-5 6.90842E-5 6.55213E-5 6.80587E-5 3.28604E-5 2.36774E-5 1.26989E-5 1.5617E-5 9.91761E-6 8.72629E-6 7.79734E-6 6.00985E-6
-9999 -9999 -9999 -9999 -9999 -9999 -9999 -9999 -9999 -9999 -9999 -9999 -9999 -9999 -9999 -9999 -9999 -9999 -9999 -9999 -9999 -9999 -9999 -9999 -9999 -9999 -9999 -9999 -9999 -9999 -9999 -9999 -9999 -9999 -9999 4.95944E-1 3.59178E-1 2.2269E-1 1.32196E-1 5.19133E-2 2.37944E-2 7.92393E-3 4.69945E-3 2.40421E-3 1.20033E-3 6.80075E-4 3.64751E-4 2.09935E-4 1.059E-4 7.87924E-5 6.11846E-5 5.52498E-5 4.13519E-5 3.1898E-5 4.28132E-5 3.17659E-5 5.40217E-5 1.01309E-4 1.02447E-4 6.12442E-5 7.72917E-5 8.55126E-5 9.8146E-5 9.51031E-5 7.76915E-5 5.662E-5 5.95623E-5 5.87483E-5 3.46546E-5 1.92042E-5 1.09227E-5 7.62299E-6 7.12364E-6 6.56096E-6 4.88512E-6 3.79153E-6
-9999 -9999 -9999 -9999 -9999 -9999 -9999 -9999 -9999 -9999 -9999 -9999 -9999 -9999 -9999 -9999 -9999 -9999 -9999 -9999 -9999 -9999 -9999 -9999 -9999 -9999 -9999 -9999 -9999 -9999 -9999 -9999 -9999 -9999 -9999 -9999 3.91772E-1 2.69799E-1 1.51801E-1 6.19207E-2 2.95663E-2 1.27904E-2 5.50565E-3 2.98641E-3 1.36309E-3 7.8731E-4 4.92906E-4 2.02565E-4 1.60702E-4 1.34108E-4 9.85056E-5 8.0754E-5 6.69258E-5 4.96817E-5 4.87814E-5 8.34003E-5 6.87279E-5 1.2519E-4 1.48323E-4 8.64022E-5 9.63226E-5 1.21605E-4 1.24849E-4 9.07025E-5 6.86762E-5 5.5651E-5 5.505E-5 4.54917E-5 3.43139E-5 1.63867E-5 1.05103E-5 7.10606E-6 5.10925E-6 5.26038E-6 5.6122E-6 3.24301E-6
-9999 -9999 -9999 -9999 -9999 -9999 -9999 -9999 -9999 -9999 -9999 -9999 -9999 -9999 -9999 -9999 -9999 -9999 -9999 -9999 -9999 -9999 -9999 -9999 -9999 -9999 -9999 -9999 -9999 -9999 -9999 -9999 -9999 -9999 -9999 -9999 4.79602E-1 3.61763E-1 2.13735E-1 8.58023E-2 3.27782E-2 1.7817E-2 6.323E-3 3.75644E-3 2.17085E-3 1.16416E-3 5.39434E-4 2.69102E-4 2.1136E-4 1.53194E-4 1.23141E-4 1.06948E-4 1.01336E-4 7.59589E-5 6.61099E-5 8.7981E-5 7.06357E-5 1.00964E-4 1.77448E-4 1.36763E-4 1.37977E-4 1.82621E-4 1.39745E-4 8.402E-5 5.18007E-5 4.41739E-5 4.3315E-5 3.76958E-5 2.32847E-5 1.98916E-5 7.5434E-6 4.89521E-6 3.6536E-6 3.68148E-6 3.36327E-6 2.54095E-6
-9999 -9999 -9999 -9999 -9999 -9999 -9999 -9999 -9999 -9999 -9999 -9999 -9999 -9999 -9999 -9999 -9999 -9999 -9999 -9999 -9999 -9999 -9999 -9999 -9999 -9999 -9999 -9999 -9999 -9999 -9999 -9999 -9999 -9999 -9999 -9999 -9999 4.0922E-1 2.62933E-1 1.05635E-1 4.49241E-2 1.89984E-2 1.0132E-2 4.43804E-3 2.02474E-3 1.01341E-3 5.24696E-4 3.72779E-4 2.28941E-4 1.72324E-4 1.45447E-4 1.5719E-4 1.39571E-4 9.28463E-5 9.10131E-5 9.89592E-5 1.39757E-4 1.02821E-4 2.12981E-4 2.09264E-4 1.92791E-4 1.44001E-4 1.392E-4 6.57506E-5 4.24255E-5 3.41096E-5 3.93615E-5 2.58359E-5 2.1404E-5 1.47407E-5 7.72119E-6 5.23749E-6 3.20098E-6 2.32843E-6 1.83546E-6 1.68781E-6
-9999 -9999 -9999 -9999 -9999 -9999 -9999 -9999 -9999 -9999 -9999 -9999 -9999 -9999 -9999 -9999 -9999 -9999 -9999 -9999 -9999 -9999 -9999 -9999 -9999 -9999 -9999 -9999 -9999 -9999 -9999 -9999 -9999 -9999 -9999 -9999 -9999 5.17877E-1 2.73279E-1 1.02167E-1 5.37486E-2 1.93778E-2 1.07327E-2 4.58516E-3 2.35975E-3 1.04446E-3 6.37954E-4 4.0637E-4 2.41467E-4 2.14403E-4 1.86579E-4 1.65963E-4 1.29164E-4 9.36752E-5 1.02248E-4 1.00012E-4 1.18831E-4 1.05168E-4 1.74596E-4 2.0461E-4 1.38542E-4 1.04294E-4 8.10175E-5 4.93849E-5 3.17395E-5 2.73091E-5 2.72668E-5 2.05204E-5 1.44626E-5 9.37558E-6 4.9689E-6 4.59241E-6 2.56956E-6 1.76188E-6 1.53252E-6 8.38522E-7
-9999 -9999 -9999 -9999 -9999 -9999 -9999 -9999 -9999 -9999 -9999 -9999 -9999 -9999 -9999 -9999 -9999 -9999 -9999 -9999 -9999 -9999 -9999 -9999 -9999 -9999 -9999 -9999 -9999 -9999 -9999 -9999 -9999 -9999 -9999 -9999 -9999 5.85845E-1 3.71538E-1 1.42015E-1 6.09802E-2 2.28303E-2 1.06732E-2 6.33072E-3 2.61613E-3 1.3615E-3 8.06836E-4 4.43076E-4 2.94382E-4 2.54124E-4 2.27416E-4 1.41874E-4 1.09975E-4 1.01432E-4 9.8169E-5 1.65424E-4 1.20613E-4 1.14929E-4 1.12205E-4 1.48122E-4 1.05818E-4 8.91629E-5 6.73779E-5 4.37955E-5 3.50819E-5 2.35958E-5 1.8816E-5 1.32639E-5 9.96703E-6 7.56671E-6 4.87936E-6 4.02832E-6 2.07449E-6 1.50004E-6 1.0414E-6 5.71636E-7
-9999 -9999 -9999 -9999 -9999 -9999 -9999 -9999 -9999 -9999 -9999 -9999 -9999 -9999 -9999 -9999 -9999 -9999 -9999 -9999 -9999 -9999 -9999 -9999 -9999 -9999 -9999 -9999 -9999 -9999 -9999 -9999 -9999 -9999 -9999 -9999 -9999 -9999 4.32356E-1 1.45753E-1 6.81902E-2 2.739E-2 1.22405E-2 6.60683E-3 3.59482E-3 1.70539E-3 8.8611E-4 5.7282E-4 4.08426E-4 2.73642E-4 2.50889E-4 1.89661E-4 1.75993E-4 1.23162E-4 1.09597E-4 1.2987E-4 1.45224E-4 1.09597E-4 1.38012E-4 1.16946E-4 8.76012E-5 5.12438E-5 4.76471E-5 3.41243E-5 2.31733E-5 1.79019E-5 1.44964E-5 1.11408E-5 6.65258E-6 6.09744E-6 3.85265E-6 2.66396E-6 2.00496E-6 1.28684E-6 5.48379E-7 4.07693E-7
-9999 -9999 -9999 -9999 -9999 -9999 -9999 -9999 -9999 -9999 -9999 -9999 -9999 -9999 -9999 -9999 -9999 -9999 -9999 -9999 -9999 -9999 -9999 -9999 -9999 -9999 -9999 -9999 -9999 -9999 -9999 -9999 -9999 -9999 -9999 -9999 -9999 -9999 4.07472E-1 1.76318E-1 7.23252E-2 4.18239E-2 1.66923E-2 8.35025E-3 4.63744E-3 1.93301E-3 1.28852E-3 9.98139E-4 4.92565E-4 3.91947E-4 2.79956E-4 2.62621E-4 1.97625E-4 1.58763E-4 1.12547E-4 1.348E-4 1.27348E-4 1.2049E-4 1.02887E-4 9.99581E-5 5.73924E-5 4.09451E-5 2.7699E-5 2.57153E-5 1.59308E-5 1.20922E-5 6.91779E-6 6.71395E-6 5.9687E-6 3.76926E-6 2.85959E-6 1.76126E-6 1.17759E-6 7.64693E-7 6.05133E-7 2.74263E-7
-9999 -9999 -9999 -9999 -9999 -9999 -9999 -9999 -9999 -9999 -9999 -9999 -9999 -9999 -9999 -9999 -9999 -9999 -9999 -9999 -9999 -9999 -9999 -9999 -9999 -9999 -9999 -9999 -9999 -9999 -9999 -9999 -9999 -9999 -9999 -9999 -9999 -9999 5.34731E-1 2.2214E-1 9.74278E-2 4.15685E-2 1.92428E-2 9.33207E-3 5.19557E-3 3.3811E-3 1.97633E-3 1.1363E-3 6.04754E-4 4.19584E-4 3.37703E-4 2.60894E-4 2.76416E-4 1.92969E-4 1.39068E-4 1.38514E-4 1.41043E-4 1.15928E-4 1.36506E-4 6.95136E-5 3.73142E-5 3.43792E-5 2.59992E-5 1.55425E-5 1.16779E-5 7.82077E-6 4.74176E-6 3.29245E-6 2.7586E-6 1.9607E-6 1.50368E-6 1.18291E-6 8.31276E-7 5.40802E-7 3.62046E-7 2.79921E-7
-9999 -9999 -9999 -9999 -9999 -9999 -9999 -9999 -9999 -9999 -9999 -9999 -9999 -9999 -9999 -9999 -9999 -9999 -9999 -9999 -9999 -9999 -9999 -9999 -9999 -9999 -9999 -9999 -9999 -9999 -9999 -9999 -9999 -9999 -9999 -9999 -9999 -9999 3.73909E-1 3.57552E-1 1.21952E-1 5.21717E-2 2.30195E-2 1.17181E-2 6.03845E-3 4.95324E-3 3.02824E-3 1.4789E-3 7.77939E-4 4.84713E-4 4.35086E-4 3.31389E-4 2.7351E-4 2.11752E-4 1.29495E-4 1.0996E-4 1.13652E-4 1.24244E-4 1.16855E-4 5.4567E-5 3.62851E-5 2.95127E-5 2.12558E-5 1.2467E-5 7.35494E-6 5.17484E-6 3.51531E-6 2.45541E-6 1.63179E-6 1.70504E-6 1.01978E-6 7.19747E-7 5.16324E-7 3.51709E-7 1.94444E-7 1.04571E-7
-9999 -9999 -9999 -9999 -9999 -9999 -9999 -9999 -9999 -9999 -9999 -9999 -9999 -9999 -9999 -9999 -9999 -9999 -9999 -9999 -9999 -9999 -9999 -9999 -9999 -9999 -9999 -9999 -9999 -9999 -9999 -9999 -9999 -9999 -9999 -9999 -9999 -9999 -9999 2.51881E-1 1.55603E-1 6.08094E-2 2.90198E-2 1.77303E-2 8.59079E-3 4.56641E-3 3.19861E-3 1.71974E-3 9.89756E-4 5.88985E-4 4.76324E-4 4.25046E-4 2.8579E-4 1.88328E-4 1.29974E-4 1.1178E-4 1.04239E-4 1.18549E-4 9.22604E-5 5.12658E-5 3.03643E-5 2.58588E-5 1.71493E-5 9.33227E-6 6.29603E-6 3.88566E-6 2.69303E-6 1.85929E-6 1.21291E-6 1.28913E-6 6.90964E-7 4.52983E-7 3.21883E-7 1.85632E-7 9.39146E-8 6.11213E-8
-9999 -9999 -9999 -9999 -9999 -9999 -9999 -9999 -9999 -9999 -9999 -9999 -9999 -9999 -9999 -9999 -9999 -9999 -9999 -9999 -9999 -9999 -9999 -9999 -9999 -9999 -9999 -9999 -9999 -9999 -9999 -9999 -9999 -9999 -9999 -9999 -9999 -9999 -9999 3.76086E-1 1.70495E-1 7.73248E-2 3.62596E-2 2.01173E-2 9.15951E-3 5.76344E-3 3.46218E-3 2.00305E-3 1.20016E-3 8.39125E-4 5.52418E-4 3.80874E-4 3.74481E-4 2.64107E-4 1.78499E-4 1.15847E-4 9.39921E-5 9.84777E-5 6.10764E-5 3.58674E-5 2.69891E-5 1.96976E-5 1.46054E-5 8.99411E-6 6.0662E-6 3.5869E-6 2.12498E-6 1.33357E-6 9.23052E-7 7.97586E-7 4.8364E-7 3.31662E-7 1.35096E-7 8.04167E-8 5.10045E-8 3.18192E-8
-9999 -9999 -9999 -9999 -9999 -9999 -9999 -9999 -9999 -9999 -9999 -9999 -9999 -9999 -9999 -9999 -9999 -9999 -9999 -9999 -9999 -9999 -9999 -9999 -9999 -9999 -9999 -9999 -9999 -9999 -9999 -9999 -9999 -9999 -9999 -9999 -9999 -9999 -9999 3.53775E-1 2.17848E-1 8.92467E-2 4.15166E-2 2.21256E-2 1.26079E-2 6.04663E-3 4.11187E-3 2.1439E-3 1.39424E-3 8.75577E-4 5.3869E-4 4.01479E-4 2.88497E-4 2.20265E-4 1.55889E-4 1.46036E-4 9.28519E-5 7.50134E-5 1.04179E-4 2.87327E-5 2.07381E-5 1.57853E-5 1.10937E-5 8.21202E-6 5.44008E-6 2.98528E-6 2.0469E-6 1.1573E-6 7.2491E-7 6.01851E-7 3.449E-7 1.99889E-7 9.96679E-8 4.85937E-8 2.39471E-8 1.27877E-8
-9999 -9999 -9999 -9999 -9999 -9999 -9999 -9999 -9999 -9999 -9999 -9999 -9999 -9999 -9999 -9999 -9999 -9999 -9999 -9999 -9999 -9999 -9999 -9999 -9999 -9999 -9999 -9999 -9999 -9999 -9999 -9999 -9999 -9999 -9999 -9999 -9999 -9999 -9999 4.21495E-1 2.82449E-1 1.14001E-1 5.59594E-2 2.74716E-2 1.58423E-2 7.47051E-3 4.7081E-3 2.92639E-3 1.87933E-3 1.04497E-3 7.06383E-4 4.32307E-4 3.30129E-4 1.99184E-4 1.34445E-4 8.09239E-5 7.64698E-5 6.48211E-5 6.63894E-5 4.181E-5 1.9848E-5 1.46667E-5 9.37295E-6 6.82426E-6 4.8757E-6 2.9163E-6 1.54546E-6 9.50789E-7 7.24067E-7 4.72736E-7 2.39797E-7 1.61268E-7 5.61087E-8 2.28724E-8 1.07856E-8 6.06934E-9
-9999 -9999 -9999 -9999 -9999 -9999 -9999 -9999 -9999 -9999 -9999 -9999 -9999 -9999 -9999 -9999 -9999 -9999 -9999 -9999 -9999 -9999 -9999 -9999 -9999 -9999 -9999 -9999 -9999 -9999 -9999 -9999 -9999 -9999 -9999 -9999 -9999 -9999 -9999 3.65457E-1 3.24004E-1 1.35303E-1 5.48264E-2 2.62025E-2 1.70897E-2 8.25371E-3 4.7703E-3 2.7626E-3 1.8099E-3 1.15534E-3 7.5935E-4 4.43807E-4 2.55039E-4 2.02147E-4 1.34712E-4 9.73922E-5 8.42141E-5 6.3187E-5 5.48216E-5 4.87401E-5 2.44676E-5 1.16695E-5 8.50851E-6 6.33497E-6 3.67501E-6 2.13965E-6 1.29067E-6 7.31664E-7 5.27316E-7 3.30575E-7 1.80554E-7 9.61052E-8 3.60967E-8 1.18468E-8 6.42433E-9 4.09077E-9
-9999 -9999 -9999 -9999 -9999 -9999 -9999 -9999 -9999 -9999 -9999 -9999 -9999 -9999 -9999 -9999 -9999 -9999 -9999 -9999 -9999 -9999 -9999 -9999 -9999 -9999 -9999 -9999 -9999 -9999 -9999 -9999 -9999 -9999 -9999 -9999 -9999 -9999 -9999 -9999 2.77206E-1 1.61108E-1 6.85673E-2 4.14215E-2 1.96292E-2 9.27494E-3 4.49201E-3 3.07762E-3 2.17928E-3 1.12352E-3 8.05768E-4 5.60151E-4 2.92393E-4 2.01475E-4 1.62704E-4 1.09625E-4 7.98577E-5 6.69419E-5 4.74363E-5 3.58117E-5 3.12262E-5 1.3012E-5 6.8082E-6 4.92067E-6 3.01464E-6 1.68274E-6 1.02385E-6 5.42068E-7 3.24051E-7 2.60257E-7 1.38308E-7 8.44542E-8 2.50868E-8 7.57651E-9 3.50285E-9 2.76686E-9
-9999 -9999 -9999 -9999 -9999 -9999 -9999 -9999 -9999 -9999 -9999 -9999 -9999 -9999 -9999 -9999 -9999 -9999 -9999 -9999 -9999 -9999 -9999 -9999 -9999 -9999 -9999 -9999 -9999 -9999 -9999 -9999 -9999 -9999 -9999 -9999 -9999 -9999 -9999 -9999 2.39249E-1 1.7784E-1 8.60116E-2 3.96503E-2 3.00944E-2 1.62775E-2 6.90079E-3 4.08254E-3 2.40179E-3 1.54695E-3 9.67566E-4 5.24509E-4 3.62943E-4 2.62645E-4 1.42301E-4 8.62356E-5 7.87823E-5 5.57125E-5 4.13463E-5 3.1367E-5 2.61443E-5 1.23145E-5 6.66066E-6 4.04077E-6 2.8161E-6 1.49359E-6 1.02288E-6 5.75124E-7 2.92856E-7 2.13557E-7 1.00487E-7 5.54703E-8 2.03947E-8 5.32125E-9 2.16806E-9 1.40997E-9
-9999 -9999 -9999 -9999 -9999 -9999 -9999 -9999 -9999 -9999 -9999 -9999 -9999 -9999 -9999 -9999 -9999 -9999 -9999 -9999 -9999 -9999 -9999 -9999 -9999 -9999 -9999 -9999 -9999 -9999 -9999 -9999 -9999 -9999 -9999 -9999 -9999 -9999 -9999 -9999 3.4562E-1 2.84412E-1 1.57349E-1 8.29896E-2 4.19352E-2 2.2769E-2 1.30019E-2 4.78597E-3 3.26E-3 1.62387E-3 1.1025E-3 6.28536E-4 3.64222E-4 1.96855E-4 1.84468E-4 1.20396E-4 7.44262E-5 5.43092E-5 3.66939E-5 2.7523E-5 1.69313E-5 1.74554E-5 5.30323E-6 3.86277E-6 2.66285E-6 1.51253E-6 9.06305E-7 5.10099E-7 2.28357E-7 1.80699E-7 8.57425E-8 4.34376E-8 8.29655E-9 3.34258E-9 1.88073E-9 1.4451E-9
-9999 -9999 -9999 -9999 -9999 -9999 -9999 -9999 -9999 -9999 -9999 -9999 -9999 -9999 -9999 -9999 -9999 -9999 -9999 -9999 -9999 -9999 -9999 -9999 -9999 -9999 -9999 -9999 -9999 -9999 -9999 -9999 -9999 -9999 -9999 -9999 -9999 -9999 -9999 -9999 -9999 3.37541E-1 -9999 2.83049E-1 1.29019E-1 7.04872E-2 2.94005E-2 1.13994E-2 4.70006E-3 1.97025E-3 1.25176E-3 8.24362E-4 3.75521E-4 2.31291E-4 1.71033E-4 1.02736E-4 8.40699E-5 4.49148E-5 3.48041E-5 2.56126E-5 1.63081E-5 1.5428E-5 5.27017E-6 3.57319E-6 2.43117E-6 1.56367E-6 9.06131E-7 4.44327E-7 2.23895E-7 1.32451E-7 6.40501E-8 3.42246E-8 6.23582E-9 2.55503E-9 1.45475E-9 1.11983E-9
-9999 -9999 -9999 -9999 -9999 -9999 -9999 -9999 -9999 -9999 -9999 -9999 -9999 -9999 -9999 -9999 -9999 -9999 -9999 -9999 -9999 -9999 -9999 -9999 -9999 -9999 -9999 -9999 -9999 -9999 -9999 -9999 -9999 -9999 -9999 -9999 -9999 -9999 -9999 -9999 -9999 -9999 -9999 5.85313E-1 3.80584E-1 1.8459E-1 8.44773E-2 2.49549E-2 8.10517E-3 2.53331E-3 1.3009E-3 1.00722E-3 5.75843E-4 2.90266E-4 1.67479E-4 9.6142E-5 5.6923E-5 4.46357E-5 3.45527E-5 2.12251E-5 1.93779E-5 1.28354E-5 4.73325E-6 3.19213E-6 2.36546E-6 1.45135E-6 8.25595E-7 3.90623E-7 1.96231E-7 1.03377E-7 4.79737E-8 1.7246E-8 4.38732E-9 2.06983E-9 1.60312E-9 8.76472E-10
-9999 -9999 -9999 -9999 -9999 -9999 -9999 -9999 -9999 -9999 -9999 -9999 -9999 -9999 -9999 -9999 -9999 -9999 -9999 -9999 -9999 -9999 -9999 -9999 -9999 -9999 -9999 -9999 -9999 -9999 -9999 -9999 -9999 -9999 -9999 -9999 -9999 -9999 -9999 -9999 -9999 -9999 -9999 5.46393E-1 4.10483E-1 2.18981E-1 1.42154E-1 6.24177E-2 3.3338E-2 6.08781E-3 1.64607E-3 1.00364E-3 5.90639E-4 3.4664E-4 2.10789E-4 1.08648E-4 6.95103E-5 4.07224E-5 2.75618E-5 2.21182E-5 1.91133E-5 6.93636E-6 4.35534E-6 3.10035E-6 2.18814E-6 1.37251E-6 6.96163E-7 3.26901E-7 1.62943E-7 7.88551E-8 4.1441E-8 9.57528E-9 3.54675E-9 2.08392E-9 1.48532E-9 7.4466E-10
-9999 -9999 -9999 -9999 -9999 -9999 -9999 -9999 -9999 -9999 -9999 -9999 -9999 -9999 -9999 -9999 -9999 -9999 -9999 -9999 -9999 -9999 -9999 -9999 -9999 -9999 -9999 -9999 -9999 -9999 -9999 -9999 -9999 -9999 -9999 -9999 -9999 -9999 -9999 -9999 -9999 -9999 -9999 4.18684E-1 4.34725E-1 2.70078E-1 1.53058E-1 9.71043E-2 6.28415E-2 1.5136E-2 2.77559E-3 1.34807E-3 6.09924E-4 3.89902E-4 2.21555E-4 1.32896E-4 6.52856E-5 3.72372E-5 2.45393E-5 1.56469E-5 1.42698E-5 8.49665E-6 3.54549E-6 2.37683E-6 1.68656E-6 1.00577E-6 6.51645E-7 2.92719E-7 1.38326E-7 8.12563E-8 3.7725E-8 9.91724E-9 3.0542E-9 1.88226E-9 1.36622E-9 5.48585E-10
