data/processed/MaxENT_Stuff/MaxEnt_Output/religiosa_2.asc
ncols         804
nrows         479
xllcorner     -160.716666666667
yllcorner     18.575
cellsize      0.008333333333
NODATA_value  -9999
[rows 340 to 373 of 479, columns 532 to 607 of 804]
-9999 -9999 -9999 -9999 -9999 -9999 -9999 -9999 -9999 -9999 -9999 -9999 -9999 -9999 -9999 -9999 -9999 -9999 -9999 -9999 -9999 -9999 -9999 -9999 -9999 -9999 -9999 9.98365E-1 9.98835E-1 9.8529E-1 8.64843E-1 5.46281E-1 2.44386E-1 1.43572E-1 8.72238E-2 4.65868E-2 2.17269E-2 1.12197E-2 6.45677E-3 3.365E-3 2.03836E-3 1.21636E-3 7.14879E-4 4.77484E-4 3.93755E-4 3.36931E-4 2.78119E-4 2.74767E-4 2.27305E-4 1.90373E-4 1.74107E-4 1.81113E-4 1.53453E-4 1.17161E-4 8.80236E-5 9.82489E-5 8.21906E-5 6.83802E-5 6.04721E-5 4.53867E-5 4.19422E-5 3.91665E-5 3.76743E-5 3.88299E-5 3.42968E-5 3.24177E-5 3.69899E-5 2.81291E-5 3.93262E-5 3.95219E-5 3.73052E-5 2.82123E-5 2.283E-5 1.96912E-5 1.56028E-5 1.19028E-5
-9999 -9999 -9999 -9999 -9999 -9999 -9999 -9999 -9999 -9999 -9999 -9999 -9999 -9999 -9999 -9999 -9999 -9999 -9999 -9999 -9999 -9999 -9999 -9999 -9999 -9999 -9999 9.95222E-1 9.98596E-1 9.92257E-1 8.94459E-1 6.09455E-1 2.75443E-1 1.57748E-1 1.08452E-1 5.13576E-2 2.39911E-2 1.21907E-2 6.32256E-3 3.47857E-3 1.984E-3 1.14435E-3 5.82291E-4 3.45952E-4 2.41062E-4 1.64666E-4 1.48827E-4 1.47737E-4 1.20578E-4 1.49668E-4 1.40277E-4 1.05447E-4 8.67071E-5 6.44608E-5 4.56002E-5 5.30054E-5 4.15286E-5 3.99229E-5 3.08954E-5 2.74091E-5 2.92437E-5 2.79652E-5 2.32113E-5 2.10997E-5 2.02427E-5 2.22304E-5 2.77637E-5 3.21984E-5 3.19729E-5 2.80681E-5 2.71827E-5 2.20578E-5 1.80017E-5 1.56604E-5 1.39465E-5 1.00967E-5
-9999 -9999 -9999 -9999 -9999 -9999 -9999 -9999 -9999 -9999 -9999 -9999 -9999 -9999 -9999 -9999 -9999 -9999 -9999 -9999 -9999 -9999 -9999 -9999 -9999 -9999 -9999 -9999 9.93518E-1 9.93722E-1 9.17064E-1 6.32723E-1 3.24633E-1 1.97867E-1 1.1393E-1 6.5094E-2 2.9673E-2 1.38678E-2 7.55899E-3 4.179E-3 2.32462E-3 1.50293E-3 7.95973E-4 3.82485E-4 2.03863E-4 9.61972E-5 7.43717E-5 6.04642E-5 5.82739E-5 6.0742E-5 8.20053E-5 6.38864E-5 4.47264E-5 3.03933E-5 2.36743E-5 2.63104E-5 2.32773E-5 2.41023E-5 1.76047E-5 2.00854E-5 1.94472E-5 1.90005E-5 1.93572E-5 1.37578E-5 1.19603E-5 1.57355E-5 1.94898E-5 2.01427E-5 2.3549E-5 2.51335E-5 1.8122E-5 1.80869E-5 1.43337E-5 1.24302E-5 1.24521E-5 7.63135E-6
-9999 -9999 -9999 -9999 -9999 -9999 -9999 -9999 -9999 -9999 -9999 -9999 -9999 -9999 -9999 -9999 -9999 -9999 -9999 -9999 -9999 -9999 -9999 -9999 -9999 -9999 -9999 -9999 9.86602E-1 9.91606E-1 9.79454E-1 7.86721E-1 3.33641E-1 2.40197E-1 1.43822E-1 8.3518E-2 3.83578E-2 1.7001E-2 8.55574E-3 5.0822E-3 3.00403E-3 1.86662E-3 1.13183E-3 4.6111E-4 2.69588E-4 1.08954E-4 6.50364E-5 4.4692E-5 3.33576E-5 4.03806E-5 5.79515E-5 5.07966E-5 3.12242E-5 1.87334E-5 1.53627E-5 1.48055E-5 1.30485E-5 1.26186E-5 1.3222E-5 1.24746E-5 9.53247E-6 1.00339E-5 8.96227E-6 1.02088E-5 9.63112E-6 1.14821E-5 1.48715E-5 1.55165E-5 1.99121E-5 2.0899E-5 1.77695E-5 1.37224E-5 9.42931E-6 7.71427E-6 7.57527E-6 6.22607E-6
-9999 -9999 -9999 -9999 -9999 -9999 -9999 -9999 -9999 -9999 -9999 -9999 -9999 -9999 -9999 -9999 -9999 -9999 -9999 -9999 -9999 -9999 -9999 -9999 -9999 -9999 -9999 -9999 9.60397E-1 9.83641E-1 9.89523E-1 8.53645E-1 4.98681E-1 2.84573E-1 2.01202E-1 1.11627E-1 5.27182E-2 2.1151E-2 1.13914E-2 6.57967E-3 4.16961E-3 2.74392E-3 1.60501E-3 6.39368E-4 2.98893E-4 1.03863E-4 7.8899E-5 4.99453E-5 2.22022E-5 2.49651E-5 3.48947E-5 3.42312E-5 1.80088E-5 1.20569E-5 1.05978E-5 9.89013E-6 1.00703E-5 7.89082E-6 8.89819E-6 4.79359E-6 5.53359E-6 7.00327E-6 6.73277E-6 6.50896E-6 6.8589E-6 8.60443E-6 7.74809E-6 1.23776E-5 1.54781E-5 1.41252E-5 1.45919E-5 1.03501E-5 8.84621E-6 6.18641E-6 5.48151E-6 4.4288E-6
-9999 -9999 -9999 -9999 -9999 -9999 -9999 -9999 -9999 -9999 -9999 -9999 -9999 -9999 -9999 -9999 -9999 -9999 -9999 -9999 -9999 -9999 -9999 -9999 -9999 -9999 -9999 -9999 -9999 -9999 9.94515E-1 9.29659E-1 6.18154E-1 3.26852E-1 2.25728E-1 1.54032E-1 7.25191E-2 2.83635E-2 1.5859E-2 8.62251E-3 5.46998E-3 3.38003E-3 2.12368E-3 1.13127E-3 5.37319E-4 2.31679E-4 9.79868E-5 4.96976E-5 3.03718E-5 2.71386E-5 3.19773E-5 4.4987E-5 2.6447E-5 1.46847E-5 1.03941E-5 9.18565E-6 7.74606E-6 8.35596E-6 5.67524E-6 3.9372E-6 4.4916E-6 5.87344E-6 5.83169E-6 6.49866E-6 5.12989E-6 7.46376E-6 7.55759E-6 1.0137E-5 1.07181E-5 1.23497E-5 1.34274E-5 1.26792E-5 8.78503E-6 6.51886E-6 5.0362E-6 4.7103E-6
-9999 -9999 -9999 -9999 -9999 -9999 -9999 -9999 -9999 -9999 -9999 -9999 -9999 -9999 -9999 -9999 -9999 -9999 -9999 -9999 -9999 -9999 -9999 -9999 -9999 -9999 -9999 -9999 -9999 -9999 9.94597E-1 9.64714E-1 7.05089E-1 3.77233E-1 2.44251E-1 1.53999E-1 8.54906E-2 4.51506E-2 2.29226E-2 1.11399E-2 6.74839E-3 4.24344E-3 2.90609E-3 1.83435E-3 8.28973E-4 3.40549E-4 1.89278E-4 8.54944E-5 5.17582E-5 4.48581E-5 6.33492E-5 5.34693E-5 2.47666E-5 1.49E-5 1.16792E-5 9.451E-6 8.19691E-6 6.52359E-6 4.83968E-6 3.77689E-6 3.72004E-6 5.10389E-6 5.55022E-6 4.13565E-6 4.36959E-6 5.71405E-6 7.8475E-6 9.51253E-6 1.00495E-5 1.15885E-5 1.17175E-5 1.00823E-5 8.03975E-6 6.48602E-6 4.18536E-6 3.9967E-6
-9999 -9999 -9999 -9999 -9999 -9999 -9999 -9999 -9999 -9999 -9999 -9999 -9999 -9999 -9999 -9999 -9999 -9999 -9999 -9999 -9999 -9999 -9999 -9999 -9999 -9999 -9999 -9999 -9999 -9999 -9999 9.55479E-1 8.69225E-1 5.7949E-1 2.95499E-1 1.82764E-1 1.15285E-1 5.28631E-2 2.73172E-2 1.5442E-2 8.56338E-3 5.14177E-3 3.4263E-3 2.16876E-3 1.13192E-3 5.75825E-4 2.57116E-4 2.04604E-4 1.05212E-4 1.07904E-4 8.73722E-5 5.46892E-5 3.45555E-5 1.93924E-5 1.30901E-5 1.14982E-5 8.47545E-6 6.20039E-6 4.58755E-6 2.96161E-6 3.80244E-6 4.81668E-6 4.63613E-6 3.73108E-6 3.75796E-6 4.86116E-6 7.8978E-6 1.16011E-5 1.06555E-5 1.16534E-5 1.10244E-5 8.87639E-6 7.09811E-6 5.84533E-6 4.50716E-6 3.53331E-6
-9999 -9999 -9999 -9999 -9999 -9999 -9999 -9999 -9999 -9999 -9999 -9999 -9999 -9999 -9999 -9999 -9999 -9999 -9999 -9999 -9999 -9999 -9999 -9999 -9999 -9999 -9999 -9999 -9999 -9999 9.94212E-1 9.55931E-1 8.68692E-1 6.99132E-1 3.72115E-1 2.46012E-1 1.37927E-1 8.30838E-2 4.09473E-2 2.07178E-2 1.15016E-2 6.63604E-3 4.16095E-3 2.32794E-3 1.41231E-3 7.84614E-4 4.93554E-4 2.98267E-4 2.34851E-4 2.07992E-4 1.0307E-4 6.04399E-5 3.9488E-5 2.48196E-5 1.87924E-5 1.16016E-5 9.79139E-6 6.99242E-6 3.86949E-6 2.79917E-6 2.71428E-6 3.44127E-6 4.0918E-6 4.14322E-6 3.39839E-6 4.24414E-6 6.40999E-6 7.28155E-6 1.1127E-5 1.1383E-5 1.02857E-5 8.17886E-6 7.21256E-6 5.73655E-6 4.74022E-6 3.53077E-6
-9999 -9999 -9999 -9999 -9999 -9999 -9999 -9999 -9999 -9999 -9999 -9999 -9999 -9999 -9999 -9999 -9999 -9999 -9999 -9999 -9999 -9999 -9999 -9999 -9999 -9999 -9999 -9999 -9999 -9999 9.93587E-1 9.55819E-1 8.99417E-1 7.6979E-1 4.71566E-1 3.06306E-1 2.10388E-1 1.095E-1 6.51759E-2 2.72268E-2 1.55689E-2 8.60746E-3 4.93825E-3 2.7907E-3 1.58872E-3 9.2393E-4 6.35223E-4 4.55109E-4 3.39208E-4 2.27088E-4 1.65167E-4 7.88452E-5 5.05744E-5 3.22616E-5 2.33312E-5 1.59175E-5 9.69611E-6 6.55202E-6 3.56634E-6 2.52912E-6 2.86219E-6 2.92783E-6 3.62848E-6 4.02698E-6 3.6217E-6 3.89236E-6 5.69449E-6 8.07735E-6 1.16796E-5 9.40597E-6 8.85437E-6 7.52181E-6 6.27757E-6 5.43462E-6 4.46799E-6 3.77322E-6
-9999 -9999 -9999 -9999 -9999 -9999 -9999 -9999 -9999 -9999 -9999 -9999 -9999 -9999 -9999 -9999 -9999 -9999 -9999 -9999 -9999 -9999 -9999 -9999 -9999 -9999 -9999 -9999 -9999 -9999 -9999 -9999 8.73179E-1 8.30813E-1 6.60229E-1 4.13089E-1 2.63239E-1 1.72817E-1 1.05271E-1 4.09874E-2 1.9998E-2 1.06509E-2 5.99991E-3 3.61513E-3 1.98842E-3 1.23987E-3 8.86962E-4 5.9703E-4 4.58938E-4 2.65806E-4 1.75316E-4 9.86106E-5 6.76951E-5 4.42214E-5 2.77584E-5 1.79483E-5 1.20564E-5 6.84831E-6 3.65273E-6 2.67193E-6 3.05215E-6 2.93541E-6 3.27222E-6 3.50689E-6 3.51655E-6 4.12235E-6 5.06533E-6 6.31534E-6 9.44791E-6 8.98392E-6 7.24908E-6 5.76171E-6 5.11285E-6 4.34029E-6 3.85592E-6 3.00925E-6
-9999 -9999 -9999 -9999 -9999 -9999 -9999 -9999 -9999 -9999 -9999 -9999 -9999 -9999 -9999 -9999 -9999 -9999 -9999 -9999 -9999 -9999 -9999 -9999 -9999 -9999 -9999 -9999 -9999 -9999 -9999 -9999 -9999 -9999 -9999 6.64779E-1 3.58255E-1 2.51339E-1 1.32414E-1 6.39519E-2 2.37072E-2 1.33291E-2 6.9534E-3 4.31758E-3 2.67972E-3 1.71299E-3 1.14927E-3 8.78608E-4 5.46687E-4 3.55396E-4 2.12444E-4 1.57273E-4 9.81866E-5 5.8367E-5 3.69307E-5 2.50701E-5 1.65003E-5 8.35472E-6 4.7366E-6 2.78031E-6 3.04097E-6 3.6905E-6 4.11754E-6 4.96596E-6 4.91569E-6 5.16847E-6 5.65169E-6 8.30038E-6 8.18139E-6 7.38019E-6 4.98329E-6 4.1983E-6 3.45725E-6 3.08276E-6 2.73199E-6 2.27255E-6
-9999 -9999 -9999 -9999 -9999 -9999 -9999 -9999 -9999 -9999 -9999 -9999 -9999 -9999 -9999 -9999 -9999 -9999 -9999 -9999 -9999 -9999 -9999 -9999 -9999 -9999 -9999 -9999 -9999 -9999 -9999 -9999 -9999 -9999 -9999 7.15487E-1 4.51744E-1 3.24451E-1 1.94119E-1 8.01552E-2 3.49048E-2 1.55266E-2 9.09184E-3 5.39794E-3 3.31277E-3 2.10583E-3 1.46467E-3 1.11848E-3 6.89701E-4 4.42424E-4 3.00092E-4 2.13724E-4 1.35249E-4 8.43043E-5 5.80753E-5 2.63844E-5 1.7227E-5 1.04383E-5 5.37388E-6 3.11483E-6 3.71082E-6 4.23466E-6 5.14974E-6 5.9323E-6 6.00327E-6 5.68191E-6 6.15446E-6 6.58399E-6 6.51469E-6 6.07754E-6 4.73413E-6 2.90143E-6 2.62835E-6 2.2856E-6 2.1027E-6 1.83429E-6
-9999 -9999 -9999 -9999 -9999 -9999 -9999 -9999 -9999 -9999 -9999 -9999 -9999 -9999 -9999 -9999 -9999 -9999 -9999 -9999 -9999 -9999 -9999 -9999 -9999 -9999 -9999 -9999 -9999 -9999 -9999 -9999 -9999 -9999 -9999 -9999 5.34699E-1 4.25745E-1 2.35902E-1 9.65549E-2 4.42409E-2 2.17482E-2 1.07787E-2 6.99693E-3 4.08232E-3 2.59724E-3 1.85077E-3 1.17905E-3 8.69123E-4 6.86357E-4 4.68115E-4 2.97941E-4 1.92518E-4 1.26502E-4 7.02541E-5 4.82932E-5 1.99219E-5 1.29638E-5 6.70011E-6 3.93778E-6 4.46578E-6 5.60893E-6 6.50854E-6 6.81808E-6 7.30068E-6 6.35386E-6 6.27955E-6 6.14532E-6 5.4236E-6 4.17602E-6 4.83774E-6 4.07222E-6 2.6019E-6 2.06678E-6 1.67565E-6 1.35421E-6
-9999 -9999 -9999 -9999 -9999 -9999 -9999 -9999 -9999 -9999 -9999 -9999 -9999 -9999 -9999 -9999 -9999 -9999 -9999 -9999 -9999 -9999 -9999 -9999 -9999 -9999 -9999 -9999 -9999 -9999 -9999 -9999 -9999 -9999 -9999 -9999 7.17038E-1 5.38555E-1 3.35045E-1 1.38397E-1 5.59744E-2 2.72851E-2 1.31609E-2 8.35725E-3 5.71395E-3 3.67886E-3 2.26374E-3 1.37979E-3 9.87057E-4 8.28696E-4 5.77948E-4 4.01524E-4 2.87929E-4 1.89619E-4 9.63598E-5 5.51135E-5 1.98143E-5 1.31131E-5 7.53093E-6 4.7883E-6 5.73103E-6 7.59301E-6 8.12048E-6 8.26574E-6 8.60297E-6 7.36106E-6 6.56246E-6 5.62987E-6 4.47722E-6 3.46838E-6 2.90446E-6 2.994E-6 2.84415E-6 1.65424E-6 1.30227E-6 1.12809E-6
-9999 -9999 -9999 -9999 -9999 -9999 -9999 -9999 -9999 -9999 -9999 -9999 -9999 -9999 -9999 -9999 -9999 -9999 -9999 -9999 -9999 -9999 -9999 -9999 -9999 -9999 -9999 -9999 -9999 -9999 -9999 -9999 -9999 -9999 -9999 -9999 -9999 5.87938E-1 4.14442E-1 1.78291E-1 7.8927E-2 3.40452E-2 1.88651E-2 9.94343E-3 5.97145E-3 3.61916E-3 2.45732E-3 1.63986E-3 1.07264E-3 9.90016E-4 7.90116E-4 6.26121E-4 4.43105E-4 2.58487E-4 1.36391E-4 6.93168E-5 4.08168E-5 1.2093E-5 9.35867E-6 6.03043E-6 7.21041E-6 7.8259E-6 1.02063E-5 9.05838E-6 9.91646E-6 7.93848E-6 7.07967E-6 4.7743E-6 3.95508E-6 2.90707E-6 2.41542E-6 2.99995E-6 2.32444E-6 1.6134E-6 1.17849E-6 9.21511E-7
-9999 -9999 -9999 -9999 -9999 -9999 -9999 -9999 -9999 -9999 -9999 -9999 -9999 -9999 -9999 -9999 -9999 -9999 -9999 -9999 -9999 -9999 -9999 -9999 -9999 -9999 -9999 -9999 -9999 -9999 -9999 -9999 -9999 -9999 -9999 -9999 -9999 5.44386E-1 4.21911E-1 2.05126E-1 1.02585E-1 3.96794E-2 2.10263E-2 1.08816E-2 6.98156E-3 4.01409E-3 2.66705E-3 1.69624E-3 1.10891E-3 1.11813E-3 9.17688E-4 6.78719E-4 4.24503E-4 2.6694E-4 1.56924E-4 7.53286E-5 4.14097E-5 9.11169E-6 1.11747E-5 7.53359E-6 7.73046E-6 8.22688E-6 9.25182E-6 9.511E-6 1.02661E-5 8.13484E-6 6.90048E-6 4.95118E-6 3.8909E-6 2.66137E-6 2.53409E-6 2.26998E-6 2.00327E-6 1.64645E-6 1.12138E-6 6.96688E-7
-9999 -9999 -9999 -9999 -9999 -9999 -9999 -9999 -9999 -9999 -9999 -9999 -9999 -9999 -9999 -9999 -9999 -9999 -9999 -9999 -9999 -9999 -9999 -9999 -9999 -9999 -9999 -9999 -9999 -9999 -9999 -9999 -9999 -9999 -9999 -9999 -9999 5.84114E-1 4.48855E-1 2.34601E-1 1.15944E-1 5.03109E-2 2.38958E-2 1.48403E-2 8.0684E-3 5.0028E-3 3.19732E-3 1.93118E-3 1.25178E-3 1.22036E-3 1.07731E-3 6.26426E-4 3.9438E-4 2.79288E-4 1.56663E-4 1.09356E-4 4.6006E-5 1.92337E-5 1.14273E-5 8.14615E-6 8.48679E-6 9.19103E-6 1.0037E-5 1.07323E-5 1.26895E-5 8.96546E-6 6.59235E-6 4.7497E-6 3.8285E-6 3.04587E-6 2.23113E-6 2.10435E-6 1.83574E-6 1.52956E-6 1.27876E-6 7.21371E-7
-9999 -9999 -9999 -9999 -9999 -9999 -9999 -9999 -9999 -9999 -9999 -9999 -9999 -9999 -9999 -9999 -9999 -9999 -9999 -9999 -9999 -9999 -9999 -9999 -9999 -9999 -9999 -9999 -9999 -9999 -9999 -9999 -9999 -9999 -9999 -9999 -9999 -9999 4.62021E-1 2.30864E-1 1.23107E-1 6.11484E-2 2.88047E-2 1.63125E-2 1.08161E-2 5.85835E-3 3.36464E-3 2.16126E-3 1.47067E-3 1.29175E-3 1.21845E-3 7.63875E-4 5.65006E-4 3.39789E-4 1.84504E-4 1.06057E-4 6.14094E-5 2.68513E-5 1.63425E-5 9.96009E-6 1.0109E-5 9.56856E-6 1.11445E-5 1.18668E-5 1.24982E-5 9.10742E-6 7.11162E-6 5.62553E-6 3.88034E-6 2.92595E-6 2.25876E-6 1.54736E-6 1.54238E-6 1.24478E-6 8.55412E-7 6.39515E-7
-9999 -9999 -9999 -9999 -9999 -9999 -9999 -9999 -9999 -9999 -9999 -9999 -9999 -9999 -9999 -9999 -9999 -9999 -9999 -9999 -9999 -9999 -9999 -9999 -9999 -9999 -9999 -9999 -9999 -9999 -9999 -9999 -9999 -9999 -9999 -9999 -9999 -9999 4.47501E-1 2.49346E-1 1.28349E-1 8.11645E-2 4.0037E-2 2.07541E-2 1.31104E-2 6.53577E-3 4.22578E-3 3.04265E-3 1.72009E-3 1.66928E-3 1.32616E-3 9.55366E-4 6.20217E-4 3.8272E-4 1.95837E-4 1.25295E-4 6.33063E-5 3.45006E-5 1.804E-5 1.15836E-5 1.10104E-5 1.08856E-5 1.07356E-5 1.24745E-5 1.25547E-5 9.90169E-6 6.25023E-6 5.41143E-6 4.16606E-6 3.14517E-6 2.35441E-6 1.44224E-6 1.28901E-6 1.11812E-6 6.87351E-7 4.16568E-7
-9999 -9999 -9999 -9999 -9999 -9999 -9999 -9999 -9999 -9999 -9999 -9999 -9999 -9999 -9999 -9999 -9999 -9999 -9999 -9999 -9999 -9999 -9999 -9999 -9999 -9999 -9999 -9999 -9999 -9999 -9999 -9999 -9999 -9999 -9999 -9999 -9999 -9999 3.79321E-1 2.6743E-1 1.48964E-1 8.41594E-2 4.71032E-2 2.42397E-2 1.45426E-2 9.46248E-3 5.44261E-3 3.29022E-3 2.0287E-3 1.72193E-3 1.50267E-3 9.85413E-4 7.47946E-4 4.59826E-4 2.32112E-4 1.36258E-4 8.11631E-5 4.20378E-5 2.81549E-5 1.36495E-5 1.1673E-5 1.28425E-5 1.28716E-5 1.2657E-5 1.34153E-5 9.76358E-6 6.6544E-6 4.74578E-6 3.92047E-6 2.96216E-6 2.01361E-6 1.39896E-6 1.07186E-6 8.52403E-7 5.07782E-7 3.9198E-7
-9999 -9999 -9999 -9999 -9999 -9999 -9999 -9999 -9999 -9999 -9999 -9999 -9999 -9999 -9999 -9999 -9999 -9999 -9999 -9999 -9999 -9999 -9999 -9999 -9999 -9999 -9999 -9999 -9999 -9999 -9999 -9999 -9999 -9999 -9999 -9999 -9999 -9999 4.06425E-1 3.11785E-1 1.72105E-1 9.38992E-2 5.50608E-2 2.90657E-2 1.65668E-2 1.2473E-2 7.53116E-3 4.12375E-3 2.49787E-3 2.0258E-3 1.75713E-3 1.14661E-3 7.59843E-4 5.27708E-4 2.42117E-4 1.32267E-4 8.02065E-5 5.31899E-5 3.06188E-5 1.47502E-5 1.35399E-5 1.39612E-5 1.35583E-5 1.25083E-5 1.16484E-5 8.83413E-6 6.13873E-6 4.34765E-6 3.31463E-6 2.87404E-6 1.81176E-6 1.27333E-6 9.12944E-7 6.92954E-7 5.35634E-7 3.13604E-7
-9999 -9999 -9999 -9999 -9999 -9999 -9999 -9999 -9999 -9999 -9999 -9999 -9999 -9999 -9999 -9999 -9999 -9999 -9999 -9999 -9999 -9999 -9999 -9999 -9999 -9999 -9999 -9999 -9999 -9999 -9999 -9999 -9999 -9999 -9999 -9999 -9999 -9999 -9999 2.85703E-1 2.05569E-1 1.12087E-1 6.4614E-2 3.5918E-2 2.07303E-2 1.21229E-2 8.31543E-3 4.80569E-3 2.93986E-3 2.36167E-3 1.76989E-3 1.25547E-3 8.13931E-4 5.06543E-4 2.73516E-4 1.50115E-4 8.80465E-5 5.97948E-5 2.94086E-5 1.73896E-5 1.52926E-5 1.5617E-5 1.4214E-5 1.19444E-5 1.17935E-5 7.90252E-6 5.66777E-6 4.1668E-6 2.90051E-6 2.60965E-6 1.6847E-6 1.18669E-6 8.66101E-7 5.93568E-7 4.68557E-7 3.38034E-7
-9999 -9999 -9999 -9999 -9999 -9999 -9999 -9999 -9999 -9999 -9999 -9999 -9999 -9999 -9999 -9999 -9999 -9999 -9999 -9999 -9999 -9999 -9999 -9999 -9999 -9999 -9999 -9999 -9999 -9999 -9999 -9999 -9999 -9999 -9999 -9999 -9999 -9999 -9999 3.2908E-1 2.04245E-1 1.30777E-1 7.65353E-2 4.00092E-2 2.01454E-2 1.33744E-2 8.82185E-3 5.6991E-3 3.89505E-3 2.87848E-3 1.8348E-3 1.21763E-3 9.82298E-4 6.68446E-4 3.67261E-4 1.74313E-4 9.32722E-5 6.41485E-5 3.03936E-5 1.85146E-5 1.70883E-5 1.51783E-5 1.40975E-5 1.25004E-5 1.1502E-5 7.49669E-6 5.30924E-6 3.60293E-6 2.50611E-6 2.10249E-6 1.47412E-6 1.08993E-6 7.76287E-7 6.28338E-7 4.45885E-7 2.76734E-7
-9999 -9999 -9999 -9999 -9999 -9999 -9999 -9999 -9999 -9999 -9999 -9999 -9999 -9999 -9999 -9999 -9999 -9999 -9999 -9999 -9999 -9999 -9999 -9999 -9999 -9999 -9999 -9999 -9999 -9999 -9999 -9999 -9999 -9999 -9999 -9999 -9999 -9999 -9999 3.2332E-1 2.72006E-1 1.52149E-1 8.78463E-2 4.39685E-2 2.56932E-2 1.32516E-2 9.61966E-3 6.15906E-3 4.1548E-3 2.66832E-3 1.74319E-3 1.21622E-3 8.47433E-4 6.66878E-4 3.76536E-4 2.29593E-4 1.07037E-4 6.43982E-5 5.27393E-5 2.01539E-5 1.73081E-5 1.55764E-5 1.35989E-5 1.3166E-5 1.15537E-5 7.18663E-6 4.90987E-6 3.31447E-6 2.28546E-6 1.79812E-6 1.2154E-6 8.0485E-7 7.71066E-7 5.62967E-7 3.38797E-7 2.19711E-7
-9999 -9999 -9999 -9999 -9999 -9999 -9999 -9999 -9999 -9999 -9999 -9999 -9999 -9999 -9999 -9999 -9999 -9999 -9999 -9999 -9999 -9999 -9999 -9999 -9999 -9999 -9999 -9999 -9999 -9999 -9999 -9999 -9999 -9999 -9999 -9999 -9999 -9999 -9999 3.79138E-1 3.07956E-1 1.76383E-1 1.05726E-1 4.80077E-2 2.77752E-2 1.47411E-2 9.87592E-3 6.74871E-3 4.73747E-3 2.86484E-3 1.87752E-3 1.29183E-3 9.56582E-4 6.35541E-4 3.80648E-4 1.88552E-4 1.15046E-4 6.85217E-5 4.85279E-5 2.98242E-5 1.99584E-5 1.6884E-5 1.44383E-5 1.25791E-5 1.1611E-5 7.46138E-6 4.54249E-6 3.10044E-6 2.27386E-6 1.61033E-6 1.11195E-6 9.69974E-7 6.70851E-7 3.87016E-7 2.07362E-7 1.42903E-7
-9999 -9999 -9999 -9999 -9999 -9999 -9999 -9999 -9999 -9999 -9999 -9999 -9999 -9999 -9999 -9999 -9999 -9999 -9999 -9999 -9999 -9999 -9999 -9999 -9999 -9999 -9999 -9999 -9999 -9999 -9999 -9999 -9999 -9999 -9999 -9999 -9999 -9999 -9999 4.61352E-1 3.9338E-1 2.05914E-1 9.11009E-2 4.87587E-2 2.94584E-2 1.58633E-2 1.0043E-2 6.5979E-3 4.45853E-3 2.95007E-3 2.12859E-3 1.31562E-3 8.32735E-4 6.86665E-4 4.317E-4 2.32196E-4 1.38568E-4 7.63186E-5 4.97961E-5 3.51541E-5 2.53949E-5 1.66344E-5 1.39372E-5 1.24602E-5 1.02703E-5 6.66864E-6 4.40601E-6 2.81325E-6 2.04343E-6 1.51729E-6 1.014E-6 7.11719E-7 6.63547E-7 3.3107E-7 1.97708E-7 1.31871E-7
-9999 -9999 -9999 -9999 -9999 -9999 -9999 -9999 -9999 -9999 -9999 -9999 -9999 -9999 -9999 -9999 -9999 -9999 -9999 -9999 -9999 -9999 -9999 -9999 -9999 -9999 -9999 -9999 -9999 -9999 -9999 -9999 -9999 -9999 -9999 -9999 -9999 -9999 -9999 -9999 3.55514E-1 2.44731E-1 1.20125E-1 6.64718E-2 3.50165E-2 1.86507E-2 1.01986E-2 7.11487E-3 5.6375E-3 3.24992E-3 2.31413E-3 1.79747E-3 1.10775E-3 8.57445E-4 5.57767E-4 2.87276E-4 1.52222E-4 9.07584E-5 5.00028E-5 3.035E-5 3.11598E-5 1.89947E-5 1.28777E-5 1.09907E-5 9.27287E-6 6.03379E-6 4.07752E-6 2.61757E-6 1.90434E-6 1.47966E-6 1.00903E-6 8.18101E-7 6.10162E-7 3.666E-7 2.06733E-7 1.49166E-7
-9999 -9999 -9999 -9999 -9999 -9999 -9999 -9999 -9999 -9999 -9999 -9999 -9999 -9999 -9999 -9999 -9999 -9999 -9999 -9999 -9999 -9999 -9999 -9999 -9999 -9999 -9999 -9999 -9999 -9999 -9999 -9999 -9999 -9999 -9999 -9999 -9999 -9999 -9999 -9999 3.73076E-1 2.30423E-1 1.46875E-1 7.6637E-2 4.95693E-2 2.66596E-2 1.42016E-2 9.24241E-3 6.08303E-3 4.19057E-3 2.89251E-3 1.89336E-3 1.42888E-3 1.18782E-3 6.05405E-4 2.96817E-4 1.73321E-4 9.06903E-5 5.16118E-5 3.23726E-5 2.87831E-5 1.86682E-5 1.33244E-5 9.8822E-6 9.08795E-6 5.72658E-6 3.99696E-6 2.63365E-6 1.73009E-6 1.38684E-6 9.67732E-7 8.11456E-7 5.74603E-7 3.76643E-7 2.09765E-7 1.69202E-7
-9999 -9999 -9999 -9999 -9999 -9999 -9999 -9999 -9999 -9999 -9999 -9999 -9999 -9999 -9999 -9999 -9999 -9999 -9999 -9999 -9999 -9999 -9999 -9999 -9999 -9999 -9999 -9999 -9999 -9999 -9999 -9999 -9999 -9999 -9999 -9999 -9999 -9999 -9999 -9999 4.55931E-1 3.34357E-1 2.41881E-1 1.33101E-1 6.7694E-2 3.73426E-2 2.20822E-2 1.1038E-2 7.76659E-3 4.72776E-3 3.64036E-3 2.43792E-3 1.54027E-3 9.82229E-4 8.46918E-4 4.36214E-4 1.9641E-4 1.04442E-4 5.32575E-5 3.1937E-5 2.34963E-5 2.3334E-5 1.17054E-5 9.47213E-6 7.86675E-6 5.20771E-6 3.62212E-6 2.52663E-6 1.62067E-6 1.39802E-6 9.75195E-7 7.76756E-7 4.61387E-7 3.21375E-7 1.91755E-7 1.48847E-7
-9999 -9999 -9999 -9999 -9999 -9999 -9999 -9999 -9999 -9999 -9999 -9999 -9999 -9999 -9999 -9999 -9999 -9999 -9999 -9999 -9999 -9999 -9999 -9999 -9999 -9999 -9999 -9999 -9999 -9999 -9999 -9999 -9999 -9999 -9999 -9999 -9999 -9999 -9999 -9999 -9999 4.53769E-1 -9999 3.81071E-1 1.82028E-1 9.27674E-2 4.11081E-2 1.90851E-2 1.02279E-2 5.64E-3 4.19664E-3 2.82674E-3 1.51842E-3 9.75326E-4 9.05809E-4 4.75386E-4 2.42539E-4 1.07176E-4 5.70223E-5 3.27345E-5 2.42292E-5 2.27568E-5 1.13891E-5 9.37664E-6 7.14056E-6 4.89641E-6 3.44168E-6 2.35795E-6 1.59996E-6 1.24492E-6 9.15332E-7 8.16903E-7 4.40251E-7 2.38889E-7 1.8751E-7 1.42756E-7
-9999 -9999 -9999 -9999 -9999 -9999 -9999 -9999 -9999 -9999 -9999 -9999 -9999 -9999 -9999 -9999 -9999 -9999 -9999 -9999 -9999 -9999 -9999 -9999 -9999 -9999 -9999 -9999 -9999 -9999 -9999 -9999 -9999 -9999 -9999 -9999 -9999 -9999 -9999 -9999 -9999 -9999 -9999 5.3533E-1 4.49754E-1 2.36528E-1 1.05005E-1 3.66089E-2 1.41035E-2 7.46258E-3 4.31882E-3 3.1087E-3 1.85038E-3 1.02624E-3 8.2234E-4 5.34124E-4 2.28788E-4 1.19299E-4 5.9246E-5 3.28487E-5 2.8961E-5 2.07044E-5 1.05779E-5 8.07868E-6 6.7263E-6 4.59754E-6 3.18832E-6 2.17243E-6 1.53295E-6 1.15693E-6 9.07436E-7 8.14872E-7 4.06908E-7 2.48873E-7 1.92865E-7 1.4902E-7
-9999 -9999 -9999 -9999 -9999 -9999 -9999 -9999 -9999 -9999 -9999 -9999 -9999 -9999 -9999 -9999 -9999 -9999 -9999 -9999 -9999 -9999 -9999 -9999 -9999 -9999 -9999 -9999 -9999 -9999 -9999 -9999 -9999 -9999 -9999 -9999 -9999 -9999 -9999 -9999 -9999 -9999 -9999 5.0487E-1 4.47628E-1 3.0198E-1 1.81729E-1 8.09146E-2 3.84744E-2 1.2588E-2 5.40996E-3 3.24631E-3 1.98534E-3 1.22607E-3 9.63087E-4 6.1085E-4 2.79484E-4 1.31559E-4 6.44543E-5 4.00999E-5 3.49607E-5 1.76323E-5 1.18068E-5 8.95986E-6 7.0797E-6 4.87379E-6 3.16451E-6 2.14106E-6 1.52164E-6 1.10195E-6 8.16597E-7 6.35802E-7 3.42828E-7 2.44747E-7 1.89395E-7 1.36902E-7
-9999 -9999 -9999 -9999 -9999 -9999 -9999 -9999 -9999 -9999 -9999 -9999 -9999 -9999 -9999 -9999 -9999 -9999 -9999 -9999 -9999 -9999 -9999 -9999 -9999 -9999 -9999 -9999 -9999 -9999 -9999 -9999 -9999 -9999 -9999 -9999 -9999 -9999 -9999 -9999 -9999 -9999 -9999 4.14713E-1 4.49203E-1 3.29327E-1 2.34335E-1 1.26769E-1 7.14675E-2 2.45306E-2 8.29531E-3 4.12059E-3 2.14049E-3 1.31154E-3 9.91293E-4 7.3151E-4 3.09242E-4 1.42176E-4 7.47352E-5 4.16892E-5 3.52363E-5 2.38771E-5 1.28462E-5 9.63339E-6 7.10929E-6 4.87565E-6 3.43952E-6 2.17467E-6 1.48184E-6 1.16109E-6 8.48687E-7 7.51742E-7 3.21835E-7 2.26266E-7 1.7078E-7 1.25849E-7
