data/processed/Maxent_results1/MaxEnt_Output_crossvalidate_allpointsincluded/religiosa_2.asc
ncols         804
nrows         479
xllcorner     -160.716666666667
yllcorner     18.575
cellsize      0.008333333333
NODATA_value  -9999
[rows 340 to 373 of 479, columns 532 to 607 of 804]
-9999 -9999 -9999 -9999 -9999 -9999 -9999 -9999 -9999 -9999 -9999 -9999 -9999 -9999 -9999 -9999 -9999 -9999 -9999 -9999 -9999 -9999 -9999 -9999 -9999 -9999 -9999 1.83298E-1 2.57887E-1 5.31284E-2 8.21363E-3 2.24043E-2 8.01269E-4 3.30979E-4 1.80867E-4 3.7463E-5 1.38627E-5 3.21576E-5 2.34464E-5 4.02669E-5 4.5365E-5 6.2277E-5 3.39603E-5 2.47697E-5 2.25973E-5 8.59484E-6 1.61229E-5 1.46007E-5 4.40057E-5 1.82184E-5 4.13205E-6 6.2184E-6 2.99824E-6 1.30369E-6 9.00868E-7 1.56392E-6 1.84754E-6 9.91836E-7 1.05576E-6 4.39739E-7 3.85367E-7 3.45516E-7 2.89503E-7 9.56207E-7 4.96393E-7 1.99748E-7 6.2643E-7 7.85675E-8 1.65552E-7 3.37549E-7 2.59299E-7 9.01172E-8 8.04344E-8 6.60567E-8 4.78189E-8 2.83927E-8
-9999 -9999 -9999 -9999 -9999 -9999 -9999 -9999 -9999 -9999 -9999 -9999 -9999 -9999 -9999 -9999 -9999 -9999 -9999 -9999 -9999 -9999 -9999 -9999 -9999 -9999 -9999 3.40687E-2 1.95222E-1 4.26504E-2 4.17863E-2 7.63949E-3 9.44921E-4 4.36387E-4 2.13657E-4 3.91938E-5 2.40086E-5 3.09897E-5 1.71273E-5 4.83846E-5 3.47714E-5 5.98961E-5 3.17154E-5 1.24476E-5 2.47586E-5 1.87414E-5 2.34898E-5 5.16026E-5 6.51386E-5 2.53913E-5 1.2633E-5 7.79812E-6 3.37546E-6 1.88151E-6 1.04872E-6 1.0553E-6 6.80006E-7 3.63974E-7 4.76411E-7 3.82976E-7 2.62488E-7 3.13192E-7 1.56803E-7 1.44682E-7 8.50569E-8 1.49191E-7 2.18014E-7 2.21823E-7 1.19739E-7 1.19786E-7 2.34309E-7 7.42498E-8 3.23118E-8 2.31695E-8 3.80788E-8 1.61653E-8
-9999 -9999 -9999 -9999 -9999 -9999 -9999 -9999 -9999 -9999 -9999 -9999 -9999 -9999 -9999 -9999 -9999 -9999 -9999 -9999 -9999 -9999 -9999 -9999 -9999 -9999 -9999 -9999 2.02077E-1 2.659E-1 1.77299E-2 6.69764E-3 1.31671E-3 6.99048E-4 2.97998E-4 5.53668E-5 6.00319E-5 4.46377E-5 9.8464E-6 5.2668E-5 4.51372E-5 5.35165E-5 7.63748E-5 2.17109E-5 5.79722E-5 3.16721E-5 1.3357E-5 2.40781E-5 2.58062E-5 2.60428E-5 3.11376E-5 4.22095E-6 1.16057E-6 4.18409E-7 4.37704E-7 3.92081E-7 4.47047E-7 4.3E-7 3.36281E-7 1.787E-7 1.51493E-7 8.59129E-8 1.62712E-7 3.65743E-8 2.81966E-8 7.19616E-8 9.31799E-8 1.00042E-7 5.9135E-8 5.84769E-8 4.65078E-8 5.28734E-8 2.64113E-8 1.92173E-8 3.26419E-8 5.60765E-9
-9999 -9999 -9999 -9999 -9999 -9999 -9999 -9999 -9999 -9999 -9999 -9999 -9999 -9999 -9999 -9999 -9999 -9999 -9999 -9999 -9999 -9999 -9999 -9999 -9999 -9999 -9999 -9999 1.09987E-1 1.52962E-1 6.18322E-2 1.61014E-2 3.85153E-3 9.15542E-4 6.29672E-4 1.05781E-4 2.16538E-5 1.93448E-5 4.17213E-5 4.69117E-5 4.44268E-5 8.66738E-5 1.16705E-4 1.05252E-4 9.14419E-5 3.40126E-5 5.87498E-5 1.47601E-4 1.321E-4 2.19102E-4 5.11491E-5 1.21969E-5 2.93062E-6 6.87468E-7 3.61244E-7 6.19852E-7 1.9262E-7 1.7805E-7 3.28601E-7 7.68361E-8 9.8872E-9 1.02329E-8 5.58017E-9 1.91111E-8 9.56662E-9 2.60818E-8 7.68574E-8 5.51286E-8 5.5404E-8 5.15573E-8 4.43411E-8 4.39433E-8 8.21811E-9 7.40814E-9 1.00278E-8 5.30386E-9
-9999 -9999 -9999 -9999 -9999 -9999 -9999 -9999 -9999 -9999 -9999 -9999 -9999 -9999 -9999 -9999 -9999 -9999 -9999 -9999 -9999 -9999 -9999 -9999 -9999 -9999 -9999 -9999 1.05912E-2 1.33272E-1 5.37698E-1 2.99579E-2 3.62593E-3 2.61191E-3 1.52905E-3 2.20911E-4 6.34699E-5 5.32402E-5 1.19914E-5 4.78121E-5 4.8269E-5 7.87702E-5 1.49928E-4 1.43106E-4 7.50336E-5 2.46289E-5 4.72242E-5 3.73816E-4 3.14013E-4 8.15832E-5 7.82239E-5 2.50445E-5 2.43231E-6 1.31621E-6 1.10035E-6 9.34123E-7 7.60263E-7 1.71457E-7 1.33727E-7 6.55029E-10 9.99771E-10 3.44118E-9 4.70081E-9 3.9427E-9 8.64421E-9 1.93284E-8 2.98864E-9 2.06799E-8 4.07288E-8 1.94499E-8 3.04041E-8 1.36002E-8 1.28357E-8 4.63133E-9 2.83582E-9 2.68322E-9
-9999 -9999 -9999 -9999 -9999 -9999 -9999 -9999 -9999 -9999 -9999 -9999 -9999 -9999 -9999 -9999 -9999 -9999 -9999 -9999 -9999 -9999 -9999 -9999 -9999 -9999 -9999 -9999 -9999 -9999 1.43655E-1 3.42436E-2 6.87422E-3 4.20587E-3 1.05482E-3 4.34739E-4 5.30336E-5 4.53215E-5 1.57452E-5 6.009E-5 6.49762E-5 9.50827E-5 9.37405E-5 9.84153E-5 1.11593E-4 7.69869E-5 8.02374E-5 5.02738E-5 2.06011E-4 1.74731E-4 1.1653E-4 1.07512E-4 1.21108E-5 2.05488E-6 4.85519E-7 7.61212E-7 4.42078E-7 5.30526E-7 6.55312E-9 8.08257E-10 6.07835E-10 2.85851E-9 6.5296E-9 1.38493E-8 6.88862E-9 2.58274E-8 4.37391E-9 1.28088E-8 1.23563E-8 2.16287E-8 3.54274E-8 3.92109E-8 2.25699E-8 9.06234E-9 4.55238E-9 3.7473E-9
-9999 -9999 -9999 -9999 -9999 -9999 -9999 -9999 -9999 -9999 -9999 -9999 -9999 -9999 -9999 -9999 -9999 -9999 -9999 -9999 -9999 -9999 -9999 -9999 -9999 -9999 -9999 -9999 -9999 -9999 1.51667E-2 1.65296E-1 2.38037E-2 3.72519E-3 9.44083E-4 3.83261E-4 1.21049E-4 2.28635E-5 2.18522E-5 2.27273E-5 1.14196E-4 1.3034E-4 9.6671E-5 1.60139E-4 1.22045E-4 9.05554E-5 4.82272E-5 2.99598E-5 6.5997E-5 6.17539E-5 1.98079E-4 3.90206E-5 3.04334E-6 1.27642E-6 5.37765E-7 3.04926E-7 5.25142E-7 1.69988E-7 2.27639E-8 2.07532E-9 1.03505E-9 2.33239E-9 1.76545E-9 1.58014E-9 2.47553E-9 6.16196E-9 9.18561E-9 1.31866E-8 1.14305E-8 2.32609E-8 2.9495E-8 2.18648E-8 2.2603E-8 1.01319E-8 4.67954E-9 4.36207E-9
-9999 -9999 -9999 -9999 -9999 -9999 -9999 -9999 -9999 -9999 -9999 -9999 -9999 -9999 -9999 -9999 -9999 -9999 -9999 -9999 -9999 -9999 -9999 -9999 -9999 -9999 -9999 -9999 -9999 -9999 -9999 2.86052E-2 3.53516E-2 6.7984E-3 9.55303E-4 5.98392E-4 1.49641E-4 1.31661E-4 1.36832E-4 2.17385E-5 1.9198E-5 1.34889E-4 1.69859E-4 1.34456E-4 9.19589E-5 8.52756E-5 1.04281E-4 8.15091E-5 2.53743E-5 7.87381E-5 1.2212E-5 9.63496E-6 2.91189E-6 5.89306E-7 7.86073E-7 7.43188E-7 3.27501E-7 1.97232E-7 8.19464E-9 3.13907E-9 4.05514E-9 1.49517E-9 1.40694E-9 4.2687E-9 4.2963E-9 9.28836E-9 5.91143E-8 4.34518E-8 1.85909E-8 1.93361E-8 2.89177E-8 1.8496E-8 1.64434E-8 1.26945E-8 1.03722E-8 1.00952E-8
-9999 -9999 -9999 -9999 -9999 -9999 -9999 -9999 -9999 -9999 -9999 -9999 -9999 -9999 -9999 -9999 -9999 -9999 -9999 -9999 -9999 -9999 -9999 -9999 -9999 -9999 -9999 -9999 -9999 -9999 3.60638E-2 1.26624E-1 2.08631E-2 7.33112E-3 1.75593E-3 4.57344E-4 4.32454E-4 8.01316E-5 2.95054E-5 3.16922E-5 3.00313E-5 2.61104E-5 1.15976E-4 1.59717E-4 7.13653E-5 9.86221E-5 1.31163E-4 8.11217E-5 6.97802E-5 5.85208E-5 4.09517E-6 1.56662E-6 2.36749E-6 1.23316E-6 1.29325E-6 2.39558E-7 6.21743E-7 2.31775E-7 7.79743E-9 1.68877E-9 2.1936E-9 1.17751E-9 1.65971E-9 1.7358E-9 4.37904E-9 7.62969E-9 1.63914E-8 1.69942E-8 4.36211E-8 5.84839E-8 5.4283E-8 3.11321E-8 3.64466E-8 1.93253E-8 1.54505E-8 1.00861E-8
-9999 -9999 -9999 -9999 -9999 -9999 -9999 -9999 -9999 -9999 -9999 -9999 -9999 -9999 -9999 -9999 -9999 -9999 -9999 -9999 -9999 -9999 -9999 -9999 -9999 -9999 -9999 -9999 -9999 -9999 3.69802E-2 1.14407E-1 5.36234E-2 1.88947E-2 4.08273E-3 1.82733E-3 4.06579E-4 3.20302E-4 3.64743E-5 3.32512E-5 3.50893E-5 2.17923E-5 3.52661E-5 1.6261E-4 9.84215E-5 1.12191E-4 7.29434E-5 1.49909E-4 2.205E-5 1.64764E-5 1.25127E-5 2.7497E-6 1.67903E-6 1.73925E-6 2.133E-6 6.55371E-7 1.65784E-7 5.46549E-8 4.41808E-9 1.44385E-9 2.04542E-9 1.27478E-9 8.65295E-10 1.57738E-9 7.80708E-9 8.66019E-9 1.52042E-8 8.88444E-8 1.48363E-7 3.53233E-8 6.62833E-8 6.71586E-8 4.64414E-8 3.4895E-8 2.78355E-8 2.0019E-8
-9999 -9999 -9999 -9999 -9999 -9999 -9999 -9999 -9999 -9999 -9999 -9999 -9999 -9999 -9999 -9999 -9999 -9999 -9999 -9999 -9999 -9999 -9999 -9999 -9999 -9999 -9999 -9999 -9999 -9999 -9999 -9999 1.27567E-3 1.59943E-2 9.20882E-3 4.88867E-3 3.03032E-3 4.76294E-4 3.78113E-4 2.2858E-5 1.80583E-5 3.77971E-5 2.58628E-5 6.17804E-5 1.64492E-4 1.6298E-4 1.90613E-5 5.4258E-5 1.76972E-5 7.1647E-6 5.70348E-6 1.34101E-6 3.76939E-6 2.66022E-6 8.7552E-7 5.24368E-7 3.93461E-7 1.45257E-7 5.23864E-9 1.20161E-9 2.05883E-9 1.36429E-9 3.52424E-9 2.50688E-9 6.27994E-9 1.00997E-8 3.18421E-8 2.03785E-8 1.25976E-7 1.38695E-7 8.58658E-8 5.56457E-8 5.3115E-8 3.31815E-8 2.7657E-8 1.51504E-8
-9999 -9999 -9999 -9999 -9999 -9999 -9999 -9999 -9999 -9999 -9999 -9999 -9999 -9999 -9999 -9999 -9999 -9999 -9999 -9999 -9999 -9999 -9999 -9999 -9999 -9999 -9999 -9999 -9999 -9999 -9999 -9999 -9999 -9999 -9999 8.99642E-3 4.12132E-3 2.24263E-3 1.18252E-3 1.6406E-4 7.76572E-5 1.21947E-5 3.54808E-5 4.72524E-5 3.09483E-5 8.61269E-5 2.55559E-5 3.60676E-5 4.51911E-5 8.62927E-6 3.88072E-6 5.53223E-6 2.51694E-6 1.82544E-6 1.25962E-6 1.51699E-6 9.26272E-7 1.92364E-7 1.61168E-8 2.46794E-9 2.11139E-9 2.21717E-9 3.61911E-9 1.10738E-8 9.87031E-9 2.86235E-8 5.65443E-8 9.65898E-8 9.61125E-8 6.86364E-8 2.97649E-8 4.10452E-8 4.54128E-8 2.5613E-8 2.38284E-8 1.43272E-8
-9999 -9999 -9999 -9999 -9999 -9999 -9999 -9999 -9999 -9999 -9999 -9999 -9999 -9999 -9999 -9999 -9999 -9999 -9999 -9999 -9999 -9999 -9999 -9999 -9999 -9999 -9999 -9999 -9999 -9999 -9999 -9999 -9999 -9999 -9999 1.06584E-1 1.31983E-2 1.60843E-2 1.97922E-3 1.37015E-4 7.20455E-5 5.26816E-5 5.65768E-5 5.81193E-5 4.3689E-5 6.2204E-5 4.16332E-5 3.37837E-5 9.35626E-5 1.66192E-5 6.72018E-6 5.88288E-6 2.7731E-6 2.19527E-6 3.07802E-6 7.89397E-7 2.71769E-7 1.02436E-7 1.30446E-8 2.0531E-9 4.14383E-9 7.909E-9 9.49512E-9 1.87969E-8 4.26725E-8 5.21436E-8 7.41753E-8 8.53118E-8 8.78847E-8 9.90173E-8 6.46197E-8 2.61361E-8 3.51625E-8 2.54784E-8 2.53834E-8 9.30419E-9
-9999 -9999 -9999 -9999 -9999 -9999 -9999 -9999 -9999 -9999 -9999 -9999 -9999 -9999 -9999 -9999 -9999 -9999 -9999 -9999 -9999 -9999 -9999 -9999 -9999 -9999 -9999 -9999 -9999 -9999 -9999 -9999 -9999 -9999 -9999 -9999 2.16021E-2 1.93881E-2 8.21816E-3 7.19922E-4 2.0878E-4 5.54726E-5 4.00356E-5 2.13362E-5 1.89302E-5 7.38704E-5 7.98309E-5 9.11622E-5 1.10886E-4 2.25749E-5 1.379E-5 6.86651E-6 4.63292E-6 4.42759E-6 1.22688E-6 2.79329E-6 4.6153E-7 3.11004E-7 2.39587E-8 2.52463E-9 3.77872E-9 1.85543E-8 1.82779E-8 5.65839E-8 1.30963E-7 1.32947E-7 6.70653E-8 1.89383E-7 2.12753E-7 5.25667E-8 1.61002E-7 7.62179E-8 2.03874E-8 1.85994E-8 2.13379E-8 1.43749E-8
-9999 -9999 -9999 -9999 -9999 -9999 -9999 -9999 -9999 -9999 -9999 -9999 -9999 -9999 -9999 -9999 -9999 -9999 -9999 -9999 -9999 -9999 -9999 -9999 -9999 -9999 -9999 -9999 -9999 -9999 -9999 -9999 -9999 -9999 -9999 -9999 2.13684E-1 1.29756E-1 4.22016E-2 3.31029E-3 2.34673E-4 3.17209E-4 6.26463E-5 3.82319E-5 1.02305E-4 1.27185E-4 1.7727E-4 1.09603E-4 1.79741E-4 1.29378E-5 1.49163E-5 8.43159E-6 1.00422E-5 8.78253E-6 2.00156E-6 2.24158E-6 3.9702E-7 2.99982E-7 4.20341E-8 1.15454E-8 1.02778E-8 7.88251E-8 4.52631E-8 1.88705E-7 4.27726E-7 3.14281E-7 1.59094E-7 1.64761E-7 1.27693E-7 7.11661E-8 3.56212E-8 4.4586E-8 5.17568E-8 1.52163E-8 2.21536E-8 1.72037E-8
-9999 -9999 -9999 -9999 -9999 -9999 -9999 -9999 -9999 -9999 -9999 -9999 -9999 -9999 -9999 -9999 -9999 -9999 -9999 -9999 -9999 -9999 -9999 -9999 -9999 -9999 -9999 -9999 -9999 -9999 -9999 -9999 -9999 -9999 -9999 -9999 -9999 1.24635E-1 1.07258E-1 9.80946E-3 6.73957E-4 1.96306E-4 1.41049E-4 6.54517E-5 1.22532E-4 1.51307E-4 8.26092E-5 1.15312E-4 1.44674E-4 4.35133E-5 1.70095E-5 3.08383E-5 2.41804E-5 1.54971E-5 5.841E-6 2.18571E-6 2.29371E-6 1.73167E-7 9.99765E-8 3.02824E-8 6.92738E-8 9.67997E-8 3.48109E-7 2.86776E-7 5.50197E-7 5.18332E-7 3.35849E-7 2.48067E-7 1.34759E-7 7.84145E-8 3.63749E-8 1.16839E-7 5.33809E-8 2.89145E-8 1.28666E-8 1.37607E-8
-9999 -9999 -9999 -9999 -9999 -9999 -9999 -9999 -9999 -9999 -9999 -9999 -9999 -9999 -9999 -9999 -9999 -9999 -9999 -9999 -9999 -9999 -9999 -9999 -9999 -9999 -9999 -9999 -9999 -9999 -9999 -9999 -9999 -9999 -9999 -9999 -9999 1.59404E-1 1.41862E-1 2.96053E-2 1.91249E-3 2.30626E-4 1.85897E-4 4.44734E-5 1.32582E-4 2.58492E-4 1.07264E-4 1.16705E-4 8.13547E-5 2.73251E-5 3.04114E-5 3.86196E-5 2.79991E-5 7.01526E-6 5.84976E-6 1.16314E-6 1.53479E-6 1.12619E-7 1.80032E-7 3.08858E-8 7.21939E-8 1.32194E-7 2.55816E-7 3.65882E-7 5.58601E-7 5.52275E-7 1.90833E-7 2.37778E-7 1.36013E-7 5.16234E-8 5.19202E-8 1.01196E-7 5.63813E-8 8.03827E-8 3.78025E-8 8.77049E-9
-9999 -9999 -9999 -9999 -9999 -9999 -9999 -9999 -9999 -9999 -9999 -9999 -9999 -9999 -9999 -9999 -9999 -9999 -9999 -9999 -9999 -9999 -9999 -9999 -9999 -9999 -9999 -9999 -9999 -9999 -9999 -9999 -9999 -9999 -9999 -9999 -9999 1.51486E-1 1.57345E-1 4.65843E-2 3.88125E-3 6.33762E-4 6.49303E-5 8.34092E-5 1.20713E-4 1.14526E-4 4.63066E-5 5.85656E-5 8.93259E-5 4.75033E-5 4.47275E-5 1.08144E-5 1.05914E-5 8.48534E-6 4.32135E-6 5.70455E-6 1.45053E-6 1.72344E-7 2.16804E-7 4.87623E-8 1.44489E-7 2.50148E-7 2.95099E-7 6.41702E-7 6.0132E-7 2.92255E-7 1.58911E-7 2.4723E-7 1.64791E-7 1.30263E-7 6.50728E-8 1.64579E-7 1.13207E-7 6.555E-8 7.13796E-8 2.42232E-8
-9999 -9999 -9999 -9999 -9999 -9999 -9999 -9999 -9999 -9999 -9999 -9999 -9999 -9999 -9999 -9999 -9999 -9999 -9999 -9999 -9999 -9999 -9999 -9999 -9999 -9999 -9999 -9999 -9999 -9999 -9999 -9999 -9999 -9999 -9999 -9999 -9999 -9999 2.1854E-1 7.31302E-2 4.29885E-3 2.01034E-3 3.04068E-4 1.93005E-4 1.00417E-4 9.62836E-5 5.05515E-5 5.47048E-5 1.6044E-4 8.37125E-5 6.5895E-5 3.77251E-5 2.86294E-5 1.71058E-5 4.58094E-6 4.10627E-6 2.67314E-6 4.5908E-7 4.43891E-7 5.98242E-8 1.38357E-7 2.58667E-7 2.24847E-7 3.14822E-7 5.51639E-7 4.27681E-7 2.71736E-7 2.55658E-7 1.37869E-7 1.35559E-7 1.01947E-7 5.01167E-8 1.5627E-7 1.03509E-7 3.64202E-8 3.35107E-8
-9999 -9999 -9999 -9999 -9999 -9999 -9999 -9999 -9999 -9999 -9999 -9999 -9999 -9999 -9999 -9999 -9999 -9999 -9999 -9999 -9999 -9999 -9999 -9999 -9999 -9999 -9999 -9999 -9999 -9999 -9999 -9999 -9999 -9999 -9999 -9999 -9999 -9999 1.67868E-1 1.68703E-1 3.31313E-2 2.56748E-3 4.06042E-4 2.94027E-4 3.31148E-4 6.55929E-5 9.57734E-5 1.40211E-4 5.01705E-5 5.33633E-5 4.01251E-5 4.3756E-5 4.39094E-5 3.02307E-5 4.24119E-6 5.2656E-6 1.91876E-6 9.19681E-7 2.48945E-7 3.22362E-7 3.56767E-7 3.65684E-7 5.08766E-7 3.50521E-7 4.14044E-7 4.28091E-7 5.0479E-7 2.83907E-7 3.21818E-7 2.81702E-7 2.14978E-7 4.90132E-8 8.27432E-8 7.0037E-8 5.74826E-8 1.18158E-8
-9999 -9999 -9999 -9999 -9999 -9999 -9999 -9999 -9999 -9999 -9999 -9999 -9999 -9999 -9999 -9999 -9999 -9999 -9999 -9999 -9999 -9999 -9999 -9999 -9999 -9999 -9999 -9999 -9999 -9999 -9999 -9999 -9999 -9999 -9999 -9999 -9999 -9999 7.93709E-2 2.57887E-1 3.25524E-2 1.94057E-3 6.23653E-4 3.51975E-4 1.63628E-4 2.26156E-4 1.43089E-4 8.78541E-5 3.45945E-5 4.35798E-5 5.66138E-5 3.84965E-5 3.83828E-5 3.16115E-5 7.21938E-6 6.35995E-6 2.85735E-6 1.43158E-6 1.68687E-6 2.60588E-7 3.60758E-7 5.21808E-7 4.77746E-7 7.00765E-7 6.26348E-7 7.64515E-7 5.04669E-7 3.65279E-7 1.91432E-7 1.7644E-7 9.52107E-8 5.78656E-8 5.85729E-8 5.39753E-8 2.45973E-8 2.55878E-8
-9999 -9999 -9999 -9999 -9999 -9999 -9999 -9999 -9999 -9999 -9999 -9999 -9999 -9999 -9999 -9999 -9999 -9999 -9999 -9999 -9999 -9999 -9999 -9999 -9999 -9999 -9999 -9999 -9999 -9999 -9999 -9999 -9999 -9999 -9999 -9999 -9999 -9999 6.79247E-2 4.16966E-1 3.56912E-2 5.21211E-3 7.73462E-4 4.10729E-4 2.83646E-4 5.14709E-4 3.02392E-4 9.79709E-5 4.57954E-5 2.38645E-5 7.55705E-5 2.72087E-5 1.8109E-5 2.5128E-5 5.50465E-6 2.26751E-6 2.14814E-6 2.08417E-6 1.63583E-6 4.05612E-7 3.38182E-7 3.19399E-7 5.81675E-7 6.61764E-7 1.04612E-6 9.70063E-7 5.46886E-7 2.8007E-7 3.653E-7 3.32276E-7 9.11338E-8 4.83852E-8 3.5478E-8 3.59963E-8 3.90238E-8 9.32217E-9
-9999 -9999 -9999 -9999 -9999 -9999 -9999 -9999 -9999 -9999 -9999 -9999 -9999 -9999 -9999 -9999 -9999 -9999 -9999 -9999 -9999 -9999 -9999 -9999 -9999 -9999 -9999 -9999 -9999 -9999 -9999 -9999 -9999 -9999 -9999 -9999 -9999 -9999 -9999 5.71613E-2 1.07526E-1 9.34298E-3 1.48863E-3 1.45865E-3 1.633E-4 3.45836E-4 2.66389E-4 2.35915E-4 1.42552E-4 5.33365E-5 8.73141E-5 5.72033E-5 1.82601E-5 1.23155E-5 5.67958E-6 3.88241E-6 1.97922E-6 2.21599E-6 1.7168E-6 3.14323E-7 4.44917E-7 4.49046E-7 3.1535E-7 6.94772E-7 9.27546E-7 7.12101E-7 4.18201E-7 3.02663E-7 2.68277E-7 3.62053E-7 8.45365E-8 7.36596E-8 5.60353E-8 2.91334E-8 3.1954E-8 2.52959E-8
-9999 -9999 -9999 -9999 -9999 -9999 -9999 -9999 -9999 -9999 -9999 -9999 -9999 -9999 -9999 -9999 -9999 -9999 -9999 -9999 -9999 -9999 -9999 -9999 -9999 -9999 -9999 -9999 -9999 -9999 -9999 -9999 -9999 -9999 -9999 -9999 -9999 -9999 -9999 1.21325E-1 9.68789E-2 1.33701E-2 2.69618E-3 9.07653E-4 9.42306E-4 3.01436E-4 3.2627E-4 2.30749E-4 7.29532E-5 1.18688E-4 9.64458E-5 4.95118E-5 3.77824E-5 2.16012E-5 1.1496E-5 5.86947E-6 1.76155E-6 2.54783E-6 7.01102E-7 4.5086E-7 2.75234E-7 5.46848E-7 3.43502E-7 8.33107E-7 7.16596E-7 5.0887E-7 3.76473E-7 2.62397E-7 2.35226E-7 1.04247E-7 8.79967E-8 9.07749E-8 4.50798E-8 5.89702E-8 3.81188E-8 1.47254E-8
-9999 -9999 -9999 -9999 -9999 -9999 -9999 -9999 -9999 -9999 -9999 -9999 -9999 -9999 -9999 -9999 -9999 -9999 -9999 -9999 -9999 -9999 -9999 -9999 -9999 -9999 -9999 -9999 -9999 -9999 -9999 -9999 -9999 -9999 -9999 -9999 -9999 -9999 -9999 2.31431E-2 2.34237E-1 4.86594E-2 6.95911E-3 1.00923E-3 4.8314E-4 3.64834E-4 3.0886E-4 1.18555E-4 1.75562E-4 6.35791E-5 4.32599E-5 5.05482E-5 3.74528E-5 2.60164E-5 1.58937E-5 1.16088E-5 3.48083E-6 2.93874E-6 6.98834E-6 8.72644E-7 6.25752E-7 4.3389E-7 5.87646E-7 3.30848E-7 3.47133E-7 4.38858E-7 3.18646E-7 2.38019E-7 2.0434E-7 7.10924E-8 5.3829E-8 3.7162E-8 9.09957E-8 5.71871E-8 1.19981E-8 5.91382E-9
-9999 -9999 -9999 -9999 -9999 -9999 -9999 -9999 -9999 -9999 -9999 -9999 -9999 -9999 -9999 -9999 -9999 -9999 -9999 -9999 -9999 -9999 -9999 -9999 -9999 -9999 -9999 -9999 -9999 -9999 -9999 -9999 -9999 -9999 -9999 -9999 -9999 -9999 -9999 1.00679E-1 2.0395E-1 4.02921E-2 1.19857E-2 1.02331E-3 1.46549E-3 2.51948E-4 4.74259E-4 3.09683E-4 1.43377E-4 5.2669E-5 5.62012E-5 2.43462E-5 2.59648E-5 3.78039E-5 1.92217E-5 3.00059E-6 2.12064E-6 2.58503E-6 2.1871E-6 3.05943E-6 4.95029E-7 5.24372E-7 5.28571E-7 4.79893E-7 3.67926E-7 2.52247E-7 4.86042E-7 2.1809E-7 1.0624E-7 7.75904E-8 4.84471E-8 1.77118E-7 8.68862E-8 1.2654E-8 2.58172E-9 1.97366E-9
-9999 -9999 -9999 -9999 -9999 -9999 -9999 -9999 -9999 -9999 -9999 -9999 -9999 -9999 -9999 -9999 -9999 -9999 -9999 -9999 -9999 -9999 -9999 -9999 -9999 -9999 -9999 -9999 -9999 -9999 -9999 -9999 -9999 -9999 -9999 -9999 -9999 -9999 -9999 6.90757E-2 4.26892E-1 1.3841E-1 2.09838E-2 4.247E-3 1.07321E-3 5.99327E-4 1.82316E-4 1.67842E-4 1.43267E-4 1.33786E-4 4.88661E-5 2.31822E-5 2.83346E-5 2.71149E-5 2.48289E-5 8.7803E-6 3.53438E-6 1.95696E-6 2.25781E-6 2.96559E-6 2.14046E-6 6.86224E-7 5.51921E-7 3.14486E-7 3.22176E-7 4.85413E-7 2.27092E-7 1.93386E-7 1.28222E-7 7.97064E-8 5.45811E-8 3.37985E-8 6.66381E-8 4.44602E-9 1.89787E-9 1.7415E-9
-9999 -9999 -9999 -9999 -9999 -9999 -9999 -9999 -9999 -9999 -9999 -9999 -9999 -9999 -9999 -9999 -9999 -9999 -9999 -9999 -9999 -9999 -9999 -9999 -9999 -9999 -9999 -9999 -9999 -9999 -9999 -9999 -9999 -9999 -9999 -9999 -9999 -9999 -9999 -9999 1.44082E-1 1.22208E-1 2.23132E-2 4.20639E-3 8.95441E-4 7.20108E-4 2.34957E-4 2.03443E-4 1.50679E-4 7.65824E-5 9.03307E-5 6.89549E-5 2.62143E-5 1.66219E-5 3.10088E-5 1.51517E-5 4.04934E-6 4.0069E-6 1.65222E-6 6.85228E-7 2.45545E-6 1.07463E-6 6.45119E-7 4.04322E-7 2.6831E-7 3.15004E-7 2.52317E-7 1.63283E-7 1.53138E-7 9.65955E-8 6.85693E-8 1.25558E-7 7.21024E-8 7.59032E-9 2.72962E-9 3.01656E-9
-9999 -9999 -9999 -9999 -9999 -9999 -9999 -9999 -9999 -9999 -9999 -9999 -9999 -9999 -9999 -9999 -9999 -9999 -9999 -9999 -9999 -9999 -9999 -9999 -9999 -9999 -9999 -9999 -9999 -9999 -9999 -9999 -9999 -9999 -9999 -9999 -9999 -9999 -9999 -9999 3.27022E-2 7.05237E-2 5.88437E-2 7.72869E-3 1.70822E-3 6.44747E-4 2.72731E-4 9.4735E-5 1.051E-4 2.12853E-4 1.66178E-4 7.31268E-5 8.72208E-5 1.02076E-4 2.56968E-5 7.37079E-6 4.45514E-6 2.07573E-6 1.79043E-6 1.19968E-6 2.18145E-6 1.08385E-6 6.53602E-7 4.62538E-7 3.08385E-7 1.9935E-7 1.15951E-7 1.55407E-7 1.14903E-7 7.70544E-8 5.06972E-8 1.34964E-7 6.03116E-8 1.07408E-8 2.87189E-9 3.32085E-9
-9999 -9999 -9999 -9999 -9999 -9999 -9999 -9999 -9999 -9999 -9999 -9999 -9999 -9999 -9999 -9999 -9999 -9999 -9999 -9999 -9999 -9999 -9999 -9999 -9999 -9999 -9999 -9999 -9999 -9999 -9999 -9999 -9999 -9999 -9999 -9999 -9999 -9999 -9999 -9999 1.18092E-1 1.06082E-1 9.64643E-2 1.87265E-2 1.75843E-3 1.0146E-3 4.79617E-4 2.37432E-4 4.15536E-4 2.24521E-4 2.37728E-4 1.54779E-4 1.3652E-4 1.12198E-4 1.54527E-4 2.52005E-5 5.88222E-6 3.79228E-6 1.16513E-6 9.13212E-7 6.10255E-7 1.57812E-6 6.75339E-7 2.86147E-7 1.69502E-7 2.29459E-7 1.44275E-7 1.08089E-7 1.34516E-7 1.10862E-7 5.54528E-8 1.47738E-7 1.15456E-8 6.22286E-9 2.72168E-9 5.09844E-9
-9999 -9999 -9999 -9999 -9999 -9999 -9999 -9999 -9999 -9999 -9999 -9999 -9999 -9999 -9999 -9999 -9999 -9999 -9999 -9999 -9999 -9999 -9999 -9999 -9999 -9999 -9999 -9999 -9999 -9999 -9999 -9999 -9999 -9999 -9999 -9999 -9999 -9999 -9999 -9999 -9999 4.46318E-3 -9999 2.61179E-1 5.24497E-2 5.80841E-3 9.7716E-4 3.69094E-4 3.49198E-4 2.31523E-4 3.32808E-4 4.6591E-4 6.56045E-5 5.22116E-5 6.75969E-5 1.32225E-5 1.68087E-5 2.29267E-6 1.61506E-6 8.9167E-7 9.20688E-7 1.60954E-6 4.49918E-7 3.92767E-7 1.48523E-7 1.67848E-7 1.44979E-7 1.16285E-7 1.10573E-7 5.4069E-8 5.09653E-8 2.25016E-7 7.4127E-9 2.68967E-9 3.2754E-9 5.50978E-9
-9999 -9999 -9999 -9999 -9999 -9999 -9999 -9999 -9999 -9999 -9999 -9999 -9999 -9999 -9999 -9999 -9999 -9999 -9999 -9999 -9999 -9999 -9999 -9999 -9999 -9999 -9999 -9999 -9999 -9999 -9999 -9999 -9999 -9999 -9999 -9999 -9999 -9999 -9999 -9999 -9999 -9999 -9999 3.99951E-2 3.02334E-1 2.01001E-1 1.43842E-2 7.92021E-4 3.21087E-4 1.14178E-4 1.57888E-4 4.34015E-4 2.60779E-4 1.15703E-4 4.38677E-5 1.02427E-5 8.01674E-6 3.64454E-6 1.22323E-6 9.89002E-7 2.41527E-6 1.51553E-6 5.07032E-7 2.78051E-7 1.36355E-7 1.54179E-7 1.42884E-7 1.21534E-7 9.43224E-8 9.25161E-8 4.9409E-8 7.87445E-8 5.81487E-9 3.12696E-9 4.82648E-9 5.73666E-9
-9999 -9999 -9999 -9999 -9999 -9999 -9999 -9999 -9999 -9999 -9999 -9999 -9999 -9999 -9999 -9999 -9999 -9999 -9999 -9999 -9999 -9999 -9999 -9999 -9999 -9999 -9999 -9999 -9999 -9999 -9999 -9999 -9999 -9999 -9999 -9999 -9999 -9999 -9999 -9999 -9999 -9999 -9999 4.03296E-2 1.86218E-1 3.19644E-1 3.28447E-2 6.91414E-3 1.0719E-3 3.22992E-4 6.83514E-4 9.92172E-5 1.92312E-4 1.54772E-4 1.2835E-4 2.80848E-5 6.65788E-6 3.75967E-6 1.27372E-6 3.91228E-6 2.33471E-6 3.41173E-7 5.303E-7 3.60966E-7 2.03844E-7 1.43865E-7 1.78711E-7 1.26721E-7 9.11546E-8 8.18038E-8 4.0307E-8 1.9514E-8 4.16486E-9 3.58701E-9 5.24115E-9 4.57698E-9
-9999 -9999 -9999 -9999 -9999 -9999 -9999 -9999 -9999 -9999 -9999 -9999 -9999 -9999 -9999 -9999 -9999 -9999 -9999 -9999 -9999 -9999 -9999 -9999 -9999 -9999 -9999 -9999 -9999 -9999 -9999 -9999 -9999 -9999 -9999 -9999 -9999 -9999 -9999 -9999 -9999 -9999 -9999 6.97067E-3 1.88914E-1 2.48337E-1 2.2351E-1 1.71189E-2 2.14625E-3 4.98827E-4 3.16842E-4 1.59049E-4 7.85597E-5 1.43316E-4 8.01359E-5 9.99595E-5 7.32286E-6 3.99996E-6 2.163E-6 1.60724E-6 3.1788E-6 1.8054E-6 6.12462E-7 4.19591E-7 3.20024E-7 2.22809E-7 1.0075E-7 1.43544E-7 1.02668E-7 5.62387E-8 5.43376E-8 5.86253E-8 4.55249E-9 3.49807E-9 3.97503E-9 3.3538E-9
