data/processed/Maxent_results1/MaxEnt_Output_crossvalidate_allpointsincluded/religiosa_0.asc
ncols         804
nrows         479
xllcorner     -160.716666666667
yllcorner     18.575
cellsize      0.008333333333
NODATA_value  -9999
[rows 340 to 373 of 479, columns 532 to 607 of 804]
-9999 -9999 -9999 -9999 -9999 -9999 -9999 -9999 -9999 -9999 -9999 -9999 -9999 -9999 -9999 -9999 -9999 -9999 -9999 -9999 -9999 -9999 -9999 -9999 -9999 -9999 -9999 2.05767E-1 3.27741E-1 3.5861E-2 4.91284E-3 9.3459E-3 4.1448E-4 2.65291E-4 1.57604E-4 3.57985E-5 1.4459E-5 4.30631E-5 2.7865E-5 2.98928E-5 3.9834E-5 5.41445E-5 2.46669E-5 1.91253E-5 1.73897E-5 6.95471E-6 1.49629E-5 1.1207E-5 3.18969E-5 1.46837E-5 5.39038E-6 7.79804E-6 3.05274E-6 1.2829E-6 8.01654E-7 1.31089E-6 1.40932E-6 6.86692E-7 6.72266E-7 2.71779E-7 2.31967E-7 1.95059E-7 1.42606E-7 5.30227E-7 2.6645E-7 9.33264E-8 3.38699E-7 4.43396E-8 8.67808E-8 1.84633E-7 1.44814E-7 5.26119E-8 4.83824E-8 3.67968E-8 3.00738E-8 1.84856E-8
-9999 -9999 -9999 -9999 -9999 -9999 -9999 -9999 -9999 -9999 -9999 -9999 -9999 -9999 -9999 -9999 -9999 -9999 -9999 -9999 -9999 -9999 -9999 -9999 -9999 -9999 -9999 3.95806E-2 2.16902E-1 2.7922E-2 2.41499E-2 5.0563E-3 6.32488E-4 2.96119E-4 1.90977E-4 3.83022E-5 2.5348E-5 3.53233E-5 1.43437E-5 3.46962E-5 2.88591E-5 4.58667E-5 2.76501E-5 1.17688E-5 2.9352E-5 1.89634E-5 2.40067E-5 5.01592E-5 5.82042E-5 2.51844E-5 1.49288E-5 8.40771E-6 3.24345E-6 1.6709E-6 7.5278E-7 7.90063E-7 4.3576E-7 2.31547E-7 2.42619E-7 1.8318E-7 1.2752E-7 1.57606E-7 8.53657E-8 5.20992E-8 2.95489E-8 5.54387E-8 1.25668E-7 1.06509E-7 6.09046E-8 6.73136E-8 1.37592E-7 4.08452E-8 1.6873E-8 1.21745E-8 2.15625E-8 8.67892E-9
-9999 -9999 -9999 -9999 -9999 -9999 -9999 -9999 -9999 -9999 -9999 -9999 -9999 -9999 -9999 -9999 -9999 -9999 -9999 -9999 -9999 -9999 -9999 -9999 -9999 -9999 -9999 -9999 2.19043E-1 2.39458E-1 1.42574E-2 5.81175E-3 9.15977E-4 5.09173E-4 2.64925E-4 5.72909E-5 5.92675E-5 4.26103E-5 1.02742E-5 4.33371E-5 3.57248E-5 4.89909E-5 5.65916E-5 1.73015E-5 6.23048E-5 2.42592E-5 1.16675E-5 2.17957E-5 2.48258E-5 2.64312E-5 3.23817E-5 4.62053E-6 1.03385E-6 3.34421E-7 2.79063E-7 2.79304E-7 2.79624E-7 2.55117E-7 1.30282E-7 8.60491E-8 7.18455E-8 4.22635E-8 8.78136E-8 1.43619E-8 8.87551E-9 2.81126E-8 4.29802E-8 4.43728E-8 2.81747E-8 3.2158E-8 2.77212E-8 2.94033E-8 1.30732E-8 1.05232E-8 1.85189E-8 3.48585E-9
-9999 -9999 -9999 -9999 -9999 -9999 -9999 -9999 -9999 -9999 -9999 -9999 -9999 -9999 -9999 -9999 -9999 -9999 -9999 -9999 -9999 -9999 -9999 -9999 -9999 -9999 -9999 -9999 1.56156E-1 1.27505E-1 6.98963E-2 1.51985E-2 2.64651E-3 7.37894E-4 5.27644E-4 1.06018E-4 2.45627E-5 2.17018E-5 3.74656E-5 4.51363E-5 3.83191E-5 7.20132E-5 1.12651E-4 9.18171E-5 1.00404E-4 3.32201E-5 4.70061E-5 1.3375E-4 1.15497E-4 1.99414E-4 4.9087E-5 1.40178E-5 3.06848E-6 5.42294E-7 2.53272E-7 3.80825E-7 1.10305E-7 8.54369E-8 1.58475E-7 3.79018E-8 3.96416E-9 3.99773E-9 2.34929E-9 8.5145E-9 3.22143E-9 1.11261E-8 3.14613E-8 2.44043E-8 2.60178E-8 2.56055E-8 2.46613E-8 2.56836E-8 4.6621E-9 5.01302E-9 7.36956E-9 3.83238E-9
-9999 -9999 -9999 -9999 -9999 -9999 -9999 -9999 -9999 -9999 -9999 -9999 -9999 -9999 -9999 -9999 -9999 -9999 -9999 -9999 -9999 -9999 -9999 -9999 -9999 -9999 -9999 -9999 1.28366E-2 1.77945E-1 5.05276E-1 3.42607E-2 3.17243E-3 1.74739E-3 1.13647E-3 2.08739E-4 7.94249E-5 5.24499E-5 1.43313E-5 5.07231E-5 4.58521E-5 1.02112E-4 1.61077E-4 1.43644E-4 7.06525E-5 2.54418E-5 3.92239E-5 3.35559E-4 1.85284E-4 5.90285E-5 6.05454E-5 2.57293E-5 1.81098E-6 1.04352E-6 7.38063E-7 5.39708E-7 3.6128E-7 7.93718E-8 6.27086E-8 2.45603E-10 4.22572E-10 1.27096E-9 1.79065E-9 1.25873E-9 3.25764E-9 7.74637E-9 1.43087E-9 7.97593E-9 1.66707E-8 8.7023E-9 1.3692E-8 6.96647E-9 8.41919E-9 3.10325E-9 1.80139E-9 1.74824E-9
-9999 -9999 -9999 -9999 -9999 -9999 -9999 -9999 -9999 -9999 -9999 -9999 -9999 -9999 -9999 -9999 -9999 -9999 -9999 -9999 -9999 -9999 -9999 -9999 -9999 -9999 -9999 -9999 -9999 -9999 2.06478E-1 3.42524E-2 6.01876E-3 2.76907E-3 7.45052E-4 3.88521E-4 5.30696E-5 4.05315E-5 1.83356E-5 6.5547E-5 6.85856E-5 1.00073E-4 1.15278E-4 1.1414E-4 1.21538E-4 7.83825E-5 6.97291E-5 4.73174E-5 1.64874E-4 1.70431E-4 1.11491E-4 1.04123E-4 1.44119E-5 1.84471E-6 3.63947E-7 4.41136E-7 2.55529E-7 2.70305E-7 2.83664E-9 3.41788E-10 2.42021E-10 1.06973E-9 2.16404E-9 4.77881E-9 1.82565E-9 1.04012E-8 1.95101E-9 5.46058E-9 5.48482E-9 1.0278E-8 1.71206E-8 1.90331E-8 1.22067E-8 6.27517E-9 3.38861E-9 2.30715E-9
-9999 -9999 -9999 -9999 -9999 -9999 -9999 -9999 -9999 -9999 -9999 -9999 -9999 -9999 -9999 -9999 -9999 -9999 -9999 -9999 -9999 -9999 -9999 -9999 -9999 -9999 -9999 -9999 -9999 -9999 2.28218E-2 1.84845E-1 1.78591E-2 2.97261E-3 6.42691E-4 3.38706E-4 1.29563E-4 2.2461E-5 2.1061E-5 2.32615E-5 1.21918E-4 1.10668E-4 1.23033E-4 1.91157E-4 1.22338E-4 9.19363E-5 4.86694E-5 3.02211E-5 5.53159E-5 5.87823E-5 1.96101E-4 4.38303E-5 3.18562E-6 9.32336E-7 3.55372E-7 1.79715E-7 3.04689E-7 7.27238E-8 6.4559E-9 7.60111E-10 3.81278E-10 8.09122E-10 5.83539E-10 4.72222E-10 8.79363E-10 2.22026E-9 3.92382E-9 5.47293E-9 4.99757E-9 1.11911E-8 1.43543E-8 1.12596E-8 1.27337E-8 7.46267E-9 3.3674E-9 2.39042E-9
-9999 -9999 -9999 -9999 -9999 -9999 -9999 -9999 -9999 -9999 -9999 -9999 -9999 -9999 -9999 -9999 -9999 -9999 -9999 -9999 -9999 -9999 -9999 -9999 -9999 -9999 -9999 -9999 -9999 -9999 -9999 4.21709E-2 2.58109E-2 6.48626E-3 8.33977E-4 6.14102E-4 1.49136E-4 1.00585E-4 1.09686E-4 2.73616E-5 2.08075E-5 1.21123E-4 1.43846E-4 1.44525E-4 9.85884E-5 9.71808E-5 8.53172E-5 7.70333E-5 2.51361E-5 8.30531E-5 1.19978E-5 1.04798E-5 2.80685E-6 4.48379E-7 5.11721E-7 4.98543E-7 1.80545E-7 9.02212E-8 2.90659E-9 8.75101E-10 1.37623E-9 4.53675E-10 4.65926E-10 1.13493E-9 1.15648E-9 2.70584E-9 2.67494E-8 1.68734E-8 8.1217E-9 9.38939E-9 1.4939E-8 9.04366E-9 1.06434E-8 8.9588E-9 7.07207E-9 6.10236E-9
-9999 -9999 -9999 -9999 -9999 -9999 -9999 -9999 -9999 -9999 -9999 -9999 -9999 -9999 -9999 -9999 -9999 -9999 -9999 -9999 -9999 -9999 -9999 -9999 -9999 -9999 -9999 -9999 -9999 -9999 6.11794E-2 1.4609E-1 1.68544E-2 8.39616E-3 1.6352E-3 3.97574E-4 3.35233E-4 8.93985E-5 3.71476E-5 4.04171E-5 3.55629E-5 2.61474E-5 9.43587E-5 1.59752E-4 7.60269E-5 1.08546E-4 1.25325E-4 6.60598E-5 6.88025E-5 6.48354E-5 4.42858E-6 1.63581E-6 2.1777E-6 1.02869E-6 1.00791E-6 1.39451E-7 3.61374E-7 1.11114E-7 2.97835E-9 5.06725E-10 4.64822E-10 3.26406E-10 5.06179E-10 5.35669E-10 1.11609E-9 2.10889E-9 6.11582E-9 7.74775E-9 2.11925E-8 3.06088E-8 3.14193E-8 1.72459E-8 1.99184E-8 1.21163E-8 8.72333E-9 6.3325E-9
-9999 -9999 -9999 -9999 -9999 -9999 -9999 -9999 -9999 -9999 -9999 -9999 -9999 -9999 -9999 -9999 -9999 -9999 -9999 -9999 -9999 -9999 -9999 -9999 -9999 -9999 -9999 -9999 -9999 -9999 5.87777E-2 1.40332E-1 6.22361E-2 1.45695E-2 3.51701E-3 1.69937E-3 3.95785E-4 3.16912E-4 3.8539E-5 3.94517E-5 5.32294E-5 2.52393E-5 3.23811E-5 1.26587E-4 8.04902E-5 1.04682E-4 7.64877E-5 1.27469E-4 1.94738E-5 2.06203E-5 1.26253E-5 3.09803E-6 1.59555E-6 1.53334E-6 1.58242E-6 4.41385E-7 8.77593E-8 2.30013E-8 1.71714E-9 3.99605E-10 6.19238E-10 3.80437E-10 2.56214E-10 5.03857E-10 2.66715E-9 2.81678E-9 5.65839E-9 3.83829E-8 6.76462E-8 2.08488E-8 4.17407E-8 4.54126E-8 3.3515E-8 2.43046E-8 1.89931E-8 1.09378E-8
-9999 -9999 -9999 -9999 -9999 -9999 -9999 -9999 -9999 -9999 -9999 -9999 -9999 -9999 -9999 -9999 -9999 -9999 -9999 -9999 -9999 -9999 -9999 -9999 -9999 -9999 -9999 -9999 -9999 -9999 -9999 -9999 1.36277E-3 2.35594E-2 8.01624E-3 3.84951E-3 2.47309E-3 5.61114E-4 5.3395E-4 3.36452E-5 2.79377E-5 4.5542E-5 2.54503E-5 4.85564E-5 1.18687E-4 1.22201E-4 1.72512E-5 4.00742E-5 1.55514E-5 7.97865E-6 6.32276E-6 1.25883E-6 3.65383E-6 2.4115E-6 7.06584E-7 3.63058E-7 2.307E-7 5.81606E-8 1.87025E-9 3.66733E-10 5.82819E-10 4.25064E-10 1.05339E-9 7.92197E-10 1.89628E-9 4.20714E-9 9.90777E-9 8.57679E-9 6.38632E-8 7.62824E-8 5.23692E-8 4.20831E-8 3.99346E-8 2.46643E-8 1.98889E-8 9.72347E-9
-9999 -9999 -9999 -9999 -9999 -9999 -9999 -9999 -9999 -9999 -9999 -9999 -9999 -9999 -9999 -9999 -9999 -9999 -9999 -9999 -9999 -9999 -9999 -9999 -9999 -9999 -9999 -9999 -9999 -9999 -9999 -9999 -9999 -9999 -9999 1.00736E-2 3.99072E-3 2.28651E-3 1.11092E-3 2.32347E-4 9.48059E-5 1.95471E-5 4.16424E-5 4.05775E-5 2.60495E-5 7.24603E-5 2.18816E-5 3.79261E-5 3.6517E-5 1.11884E-5 4.86537E-6 5.35955E-6 2.58945E-6 1.52297E-6 9.951E-7 1.0486E-6 5.31992E-7 8.3935E-8 4.68448E-9 5.81776E-10 6.24715E-10 8.35219E-10 1.22319E-9 4.09337E-9 3.76813E-9 1.17816E-8 1.97413E-8 4.48454E-8 4.40711E-8 3.4484E-8 2.07625E-8 3.03346E-8 3.27163E-8 1.75346E-8 1.51364E-8 8.90067E-9
-9999 -9999 -9999 -9999 -9999 -9999 -9999 -9999 -9999 -9999 -9999 -9999 -9999 -9999 -9999 -9999 -9999 -9999 -9999 -9999 -9999 -9999 -9999 -9999 -9999 -9999 -9999 -9999 -9999 -9999 -9999 -9999 -9999 -9999 -9999 1.06328E-1 1.19477E-2 1.4454E-2 2.11574E-3 2.01876E-4 1.05043E-4 8.34991E-5 8.32882E-5 6.33569E-5 3.75193E-5 5.18189E-5 3.23801E-5 3.90049E-5 7.52268E-5 1.64666E-5 7.79021E-6 6.24768E-6 2.52897E-6 1.88127E-6 2.56133E-6 5.49091E-7 1.43377E-7 4.93999E-8 4.59218E-9 6.80083E-10 1.2062E-9 2.72547E-9 3.47336E-9 7.49708E-9 1.65527E-8 1.73457E-8 2.94467E-8 3.61625E-8 4.67598E-8 4.74694E-8 3.45023E-8 2.03195E-8 2.64451E-8 1.64429E-8 1.6625E-8 6.18202E-9
-9999 -9999 -9999 -9999 -9999 -9999 -9999 -9999 -9999 -9999 -9999 -9999 -9999 -9999 -9999 -9999 -9999 -9999 -9999 -9999 -9999 -9999 -9999 -9999 -9999 -9999 -9999 -9999 -9999 -9999 -9999 -9999 -9999 -9999 -9999 -9999 2.51586E-2 1.81007E-2 8.81568E-3 1.04067E-3 3.00697E-4 9.49273E-5 7.77051E-5 3.11479E-5 2.09849E-5 7.73828E-5 9.08429E-5 8.36703E-5 9.33315E-5 2.4527E-5 1.72392E-5 6.54588E-6 4.93662E-6 4.32082E-6 1.02958E-6 1.95581E-6 2.75421E-7 1.43262E-7 1.01809E-8 9.63035E-10 1.5034E-9 6.20413E-9 7.02455E-9 2.54052E-8 4.98911E-8 5.98079E-8 2.82661E-8 9.14659E-8 1.04608E-7 2.62395E-8 7.44001E-8 3.59169E-8 1.24869E-8 1.29126E-8 1.48012E-8 9.70626E-9
-9999 -9999 -9999 -9999 -9999 -9999 -9999 -9999 -9999 -9999 -9999 -9999 -9999 -9999 -9999 -9999 -9999 -9999 -9999 -9999 -9999 -9999 -9999 -9999 -9999 -9999 -9999 -9999 -9999 -9999 -9999 -9999 -9999 -9999 -9999 -9999 2.59319E-1 1.20373E-1 3.5442E-2 3.71509E-3 3.64293E-4 5.34384E-4 1.07887E-4 5.93266E-5 1.33153E-4 1.57205E-4 1.91245E-4 9.29004E-5 1.50537E-4 1.58069E-5 1.58198E-5 8.22434E-6 1.0661E-5 9.23515E-6 1.65493E-6 1.71706E-6 1.73586E-7 1.28945E-7 1.97231E-8 4.58515E-9 3.71977E-9 3.51484E-8 1.97332E-8 9.01534E-8 1.65325E-7 1.45805E-7 7.21585E-8 7.17946E-8 5.82139E-8 3.25079E-8 1.64049E-8 2.01753E-8 2.4225E-8 9.54543E-9 1.47384E-8 1.17985E-8
-9999 -9999 -9999 -9999 -9999 -9999 -9999 -9999 -9999 -9999 -9999 -9999 -9999 -9999 -9999 -9999 -9999 -9999 -9999 -9999 -9999 -9999 -9999 -9999 -9999 -9999 -9999 -9999 -9999 -9999 -9999 -9999 -9999 -9999 -9999 -9999 -9999 9.94963E-2 8.11302E-2 1.00886E-2 8.69476E-4 3.02901E-4 2.66811E-4 1.07993E-4 1.26559E-4 1.39086E-4 7.63428E-5 1.04293E-4 1.20307E-4 4.21131E-5 1.86319E-5 3.36575E-5 2.54435E-5 1.72546E-5 5.49942E-6 1.75507E-6 1.39027E-6 6.6772E-8 4.23606E-8 1.15019E-8 2.88007E-8 4.35559E-8 1.75636E-7 1.33978E-7 2.2302E-7 2.05073E-7 1.78515E-7 1.13075E-7 6.18194E-8 3.34176E-8 1.70627E-8 4.56294E-8 2.2459E-8 1.33555E-8 7.56363E-9 9.0462E-9
-9999 -9999 -9999 -9999 -9999 -9999 -9999 -9999 -9999 -9999 -9999 -9999 -9999 -9999 -9999 -9999 -9999 -9999 -9999 -9999 -9999 -9999 -9999 -9999 -9999 -9999 -9999 -9999 -9999 -9999 -9999 -9999 -9999 -9999 -9999 -9999 -9999 1.63841E-1 1.01186E-1 2.27071E-2 2.4339E-3 4.15311E-4 3.08871E-4 7.05679E-5 1.893E-4 2.38004E-4 1.08784E-4 1.22966E-4 6.46743E-5 2.76632E-5 3.57761E-5 4.36366E-5 3.37014E-5 7.40532E-6 5.43579E-6 9.12747E-7 1.04258E-6 6.36154E-8 8.7574E-8 1.21342E-8 3.44846E-8 6.52335E-8 1.19137E-7 1.47591E-7 2.34486E-7 2.28065E-7 9.02905E-8 1.13582E-7 7.02394E-8 2.53417E-8 2.49395E-8 4.52625E-8 2.29634E-8 3.25215E-8 1.59639E-8 5.15989E-9
-9999 -9999 -9999 -9999 -9999 -9999 -9999 -9999 -9999 -9999 -9999 -9999 -9999 -9999 -9999 -9999 -9999 -9999 -9999 -9999 -9999 -9999 -9999 -9999 -9999 -9999 -9999 -9999 -9999 -9999 -9999 -9999 -9999 -9999 -9999 -9999 -9999 2.26622E-1 1.25019E-1 4.20184E-2 4.33198E-3 1.04988E-3 1.1908E-4 1.27486E-4 1.71007E-4 1.41832E-4 6.10959E-5 5.7983E-5 8.19656E-5 4.98672E-5 5.65143E-5 1.24316E-5 1.11243E-5 8.64947E-6 3.95172E-6 4.1315E-6 1.0586E-6 9.39752E-8 9.41413E-8 2.29477E-8 6.11024E-8 1.24414E-7 1.53282E-7 3.26901E-7 3.64735E-7 1.73828E-7 8.82752E-8 1.20286E-7 7.777E-8 5.77108E-8 2.68095E-8 7.86058E-8 4.579E-8 2.37236E-8 2.44096E-8 9.89849E-9
-9999 -9999 -9999 -9999 -9999 -9999 -9999 -9999 -9999 -9999 -9999 -9999 -9999 -9999 -9999 -9999 -9999 -9999 -9999 -9999 -9999 -9999 -9999 -9999 -9999 -9999 -9999 -9999 -9999 -9999 -9999 -9999 -9999 -9999 -9999 -9999 -9999 -9999 1.95944E-1 5.42302E-2 4.82954E-3 2.85063E-3 5.23009E-4 3.18639E-4 1.34104E-4 1.10018E-4 5.66959E-5 5.8198E-5 1.54674E-4 8.31305E-5 8.61404E-5 4.61368E-5 3.10733E-5 1.92714E-5 4.56035E-6 3.64648E-6 1.94178E-6 2.74131E-7 2.44293E-7 2.65041E-8 7.34186E-8 1.04525E-7 1.20838E-7 1.77577E-7 2.93557E-7 2.56678E-7 1.54834E-7 1.38388E-7 6.48459E-8 5.22085E-8 4.35059E-8 2.1541E-8 6.89801E-8 4.009E-8 1.39981E-8 1.24918E-8
-9999 -9999 -9999 -9999 -9999 -9999 -9999 -9999 -9999 -9999 -9999 -9999 -9999 -9999 -9999 -9999 -9999 -9999 -9999 -9999 -9999 -9999 -9999 -9999 -9999 -9999 -9999 -9999 -9999 -9999 -9999 -9999 -9999 -9999 -9999 -9999 -9999 -9999 1.69169E-1 1.06608E-1 2.62841E-2 3.63582E-3 6.64117E-4 4.72036E-4 4.47439E-4 7.90216E-5 1.12775E-4 1.74805E-4 5.17126E-5 6.71612E-5 5.37343E-5 4.76984E-5 5.24242E-5 3.31832E-5 3.91276E-6 4.66755E-6 1.50561E-6 6.29681E-7 1.36158E-7 1.6287E-7 1.46388E-7 1.54846E-7 2.25159E-7 2.07007E-7 2.42799E-7 2.41228E-7 2.02076E-7 1.34279E-7 1.6897E-7 1.54585E-7 1.04352E-7 2.29031E-8 3.737E-8 2.75712E-8 2.2569E-8 4.5757E-9
-9999 -9999 -9999 -9999 -9999 -9999 -9999 -9999 -9999 -9999 -9999 -9999 -9999 -9999 -9999 -9999 -9999 -9999 -9999 -9999 -9999 -9999 -9999 -9999 -9999 -9999 -9999 -9999 -9999 -9999 -9999 -9999 -9999 -9999 -9999 -9999 -9999 -9999 8.29282E-2 1.66543E-1 3.25848E-2 2.56366E-3 1.11522E-3 6.21007E-4 2.43672E-4 2.79889E-4 1.5046E-4 9.37359E-5 3.90954E-5 4.33674E-5 6.82521E-5 5.21324E-5 4.19987E-5 3.54787E-5 7.27672E-6 5.83592E-6 2.2237E-6 1.02819E-6 8.86214E-7 1.449E-7 1.55221E-7 2.94693E-7 2.84654E-7 3.44542E-7 4.37237E-7 5.00755E-7 2.23363E-7 1.35539E-7 9.2862E-8 9.01644E-8 4.094E-8 2.34387E-8 2.60289E-8 2.36767E-8 1.00571E-8 9.26037E-9
-9999 -9999 -9999 -9999 -9999 -9999 -9999 -9999 -9999 -9999 -9999 -9999 -9999 -9999 -9999 -9999 -9999 -9999 -9999 -9999 -9999 -9999 -9999 -9999 -9999 -9999 -9999 -9999 -9999 -9999 -9999 -9999 -9999 -9999 -9999 -9999 -9999 -9999 9.38876E-2 3.96243E-1 3.3206E-2 5.99305E-3 1.28551E-3 7.79206E-4 4.43625E-4 7.75725E-4 3.31383E-4 9.93059E-5 4.54351E-5 2.43783E-5 9.13604E-5 3.56484E-5 2.05128E-5 2.6711E-5 5.16016E-6 1.91617E-6 1.78228E-6 1.43639E-6 9.46641E-7 2.3517E-7 1.86279E-7 2.05833E-7 3.46449E-7 3.47043E-7 5.32385E-7 4.65665E-7 2.40985E-7 1.09658E-7 1.36008E-7 1.70093E-7 4.96907E-8 1.97253E-8 1.36881E-8 1.57232E-8 1.48016E-8 3.39436E-9
-9999 -9999 -9999 -9999 -9999 -9999 -9999 -9999 -9999 -9999 -9999 -9999 -9999 -9999 -9999 -9999 -9999 -9999 -9999 -9999 -9999 -9999 -9999 -9999 -9999 -9999 -9999 -9999 -9999 -9999 -9999 -9999 -9999 -9999 -9999 -9999 -9999 -9999 -9999 4.58733E-2 8.67549E-2 1.12114E-2 2.37718E-3 2.34393E-3 2.882E-4 5.06436E-4 2.7652E-4 2.19102E-4 1.31987E-4 5.48605E-5 1.09889E-4 6.67832E-5 2.42524E-5 1.65687E-5 5.76604E-6 3.42745E-6 1.65474E-6 1.62002E-6 1.14878E-6 1.63045E-7 2.73097E-7 2.74716E-7 2.05473E-7 3.53357E-7 4.73955E-7 3.4871E-7 1.9127E-7 1.35769E-7 9.65987E-8 2.19811E-7 4.05325E-8 3.21292E-8 2.49445E-8 1.25893E-8 1.17674E-8 8.98118E-9
-9999 -9999 -9999 -9999 -9999 -9999 -9999 -9999 -9999 -9999 -9999 -9999 -9999 -9999 -9999 -9999 -9999 -9999 -9999 -9999 -9999 -9999 -9999 -9999 -9999 -9999 -9999 -9999 -9999 -9999 -9999 -9999 -9999 -9999 -9999 -9999 -9999 -9999 -9999 1.30829E-1 8.79483E-2 1.50614E-2 3.3078E-3 1.27842E-3 1.48649E-3 4.56013E-4 3.63974E-4 2.3368E-4 7.59025E-5 1.36875E-4 1.18668E-4 7.01212E-5 3.99248E-5 2.44476E-5 1.12159E-5 5.79123E-6 1.47387E-6 1.97065E-6 4.70722E-7 2.56997E-7 1.91056E-7 3.55333E-7 2.34461E-7 5.044E-7 4.42399E-7 2.42677E-7 1.72636E-7 1.13172E-7 9.13584E-8 4.63869E-8 4.17312E-8 3.94082E-8 2.02356E-8 2.39777E-8 1.43713E-8 5.24197E-9
-9999 -9999 -9999 -9999 -9999 -9999 -9999 -9999 -9999 -9999 -9999 -9999 -9999 -9999 -9999 -9999 -9999 -9999 -9999 -9999 -9999 -9999 -9999 -9999 -9999 -9999 -9999 -9999 -9999 -9999 -9999 -9999 -9999 -9999 -9999 -9999 -9999 -9999 -9999 2.7847E-2 1.94243E-1 3.96603E-2 8.0986E-3 1.64185E-3 8.12612E-4 6.48013E-4 4.13721E-4 1.22622E-4 1.74694E-4 6.66954E-5 5.05152E-5 6.72776E-5 5.08816E-5 3.28725E-5 1.66919E-5 1.04234E-5 3.1426E-6 2.46389E-6 4.59997E-6 4.46457E-7 3.19931E-7 2.75067E-7 3.23915E-7 2.36356E-7 2.15301E-7 2.14235E-7 1.51396E-7 1.00487E-7 8.13383E-8 3.19303E-8 1.97554E-8 1.54638E-8 3.86783E-8 2.0652E-8 4.68818E-9 2.3816E-9
-9999 -9999 -9999 -9999 -9999 -9999 -9999 -9999 -9999 -9999 -9999 -9999 -9999 -9999 -9999 -9999 -9999 -9999 -9999 -9999 -9999 -9999 -9999 -9999 -9999 -9999 -9999 -9999 -9999 -9999 -9999 -9999 -9999 -9999 -9999 -9999 -9999 -9999 -9999 1.16718E-1 1.90983E-1 4.1133E-2 1.55056E-2 1.69487E-3 2.39787E-3 4.06333E-4 6.71579E-4 3.59743E-4 1.54969E-4 5.92302E-5 6.33919E-5 2.89427E-5 3.25602E-5 5.33155E-5 2.15825E-5 2.90979E-6 1.91468E-6 2.21594E-6 1.59851E-6 2.25281E-6 3.72048E-7 3.87539E-7 3.64672E-7 3.36816E-7 2.30354E-7 1.49935E-7 2.17596E-7 9.28982E-8 5.75443E-8 3.58382E-8 2.35641E-8 8.54136E-8 3.57356E-8 5.538E-9 1.76729E-9 1.34407E-9
-9999 -9999 -9999 -9999 -9999 -9999 -9999 -9999 -9999 -9999 -9999 -9999 -9999 -9999 -9999 -9999 -9999 -9999 -9999 -9999 -9999 -9999 -9999 -9999 -9999 -9999 -9999 -9999 -9999 -9999 -9999 -9999 -9999 -9999 -9999 -9999 -9999 -9999 -9999 6.58147E-2 4.11425E-1 1.45262E-1 1.96447E-2 4.90531E-3 1.78478E-3 1.08283E-3 2.66109E-4 1.89649E-4 1.47921E-4 1.55387E-4 5.93481E-5 2.63289E-5 3.38146E-5 3.58837E-5 3.2951E-5 9.44832E-6 3.41568E-6 1.71594E-6 1.85881E-6 2.01686E-6 1.60886E-6 4.60944E-7 3.78162E-7 2.16575E-7 2.30486E-7 2.62839E-7 1.39306E-7 8.65619E-8 6.52372E-8 3.79222E-8 2.41457E-8 1.48547E-8 2.56798E-8 2.12108E-9 1.15259E-9 9.64026E-10
-9999 -9999 -9999 -9999 -9999 -9999 -9999 -9999 -9999 -9999 -9999 -9999 -9999 -9999 -9999 -9999 -9999 -9999 -9999 -9999 -9999 -9999 -9999 -9999 -9999 -9999 -9999 -9999 -9999 -9999 -9999 -9999 -9999 -9999 -9999 -9999 -9999 -9999 -9999 -9999 1.30528E-1 1.17918E-1 2.15008E-2 5.57029E-3 1.56488E-3 1.18255E-3 3.30535E-4 2.65954E-4 1.70674E-4 7.75389E-5 1.08974E-4 8.42786E-5 3.29943E-5 2.09629E-5 4.40852E-5 1.55065E-5 3.97857E-6 3.72213E-6 1.37336E-6 5.31611E-7 1.48622E-6 8.03267E-7 3.60125E-7 2.77065E-7 1.93648E-7 1.71982E-7 1.29694E-7 6.9375E-8 5.43374E-8 4.80702E-8 3.24629E-8 6.50437E-8 3.10867E-8 4.21436E-9 1.77945E-9 1.89962E-9
-9999 -9999 -9999 -9999 -9999 -9999 -9999 -9999 -9999 -9999 -9999 -9999 -9999 -9999 -9999 -9999 -9999 -9999 -9999 -9999 -9999 -9999 -9999 -9999 -9999 -9999 -9999 -9999 -9999 -9999 -9999 -9999 -9999 -9999 -9999 -9999 -9999 -9999 -9999 -9999 4.26418E-2 6.40801E-2 5.10981E-2 7.76166E-3 2.64332E-3 1.12538E-3 5.01564E-4 1.23583E-4 1.35268E-4 2.41944E-4 1.79521E-4 9.42489E-5 1.08908E-4 1.29235E-4 3.07293E-5 8.53512E-6 4.30561E-6 1.89162E-6 1.52922E-6 9.42953E-7 1.48706E-6 7.71113E-7 4.30601E-7 2.76808E-7 1.91941E-7 1.30592E-7 6.90944E-8 8.6535E-8 4.48067E-8 3.962E-8 2.23116E-8 6.34304E-8 2.59548E-8 5.00678E-9 1.9433E-9 1.6449E-9
-9999 -9999 -9999 -9999 -9999 -9999 -9999 -9999 -9999 -9999 -9999 -9999 -9999 -9999 -9999 -9999 -9999 -9999 -9999 -9999 -9999 -9999 -9999 -9999 -9999 -9999 -9999 -9999 -9999 -9999 -9999 -9999 -9999 -9999 -9999 -9999 -9999 -9999 -9999 -9999 1.39015E-1 1.1311E-1 8.91239E-2 2.02421E-2 2.47013E-3 1.63588E-3 8.40739E-4 3.62456E-4 6.00687E-4 2.4972E-4 2.83373E-4 1.72124E-4 1.67265E-4 1.1272E-4 1.96722E-4 3.44954E-5 5.9489E-6 3.69069E-6 9.772E-7 7.39995E-7 4.71309E-7 1.00168E-6 3.5611E-7 1.9573E-7 1.04362E-7 1.43695E-7 8.74438E-8 6.14368E-8 5.38461E-8 6.36929E-8 2.63961E-8 7.11728E-8 5.85744E-9 3.70653E-9 1.71208E-9 3.24666E-9
-9999 -9999 -9999 -9999 -9999 -9999 -9999 -9999 -9999 -9999 -9999 -9999 -9999 -9999 -9999 -9999 -9999 -9999 -9999 -9999 -9999 -9999 -9999 -9999 -9999 -9999 -9999 -9999 -9999 -9999 -9999 -9999 -9999 -9999 -9999 -9999 -9999 -9999 -9999 -9999 -9999 7.77501E-3 -9999 2.12725E-1 5.31071E-2 7.46414E-3 1.53916E-3 6.79524E-4 4.68957E-4 2.33566E-4 3.38458E-4 5.61521E-4 8.0222E-5 5.40562E-5 7.81335E-5 1.64415E-5 1.82475E-5 2.08717E-6 1.43487E-6 7.18762E-7 7.2906E-7 1.02047E-6 2.98216E-7 2.65573E-7 9.308E-8 1.03837E-7 8.74341E-8 6.42147E-8 4.43093E-8 2.90068E-8 2.25936E-8 1.14891E-7 4.50414E-9 1.72437E-9 2.03956E-9 3.04942E-9
-9999 -9999 -9999 -9999 -9999 -9999 -9999 -9999 -9999 -9999 -9999 -9999 -9999 -9999 -9999 -9999 -9999 -9999 -9999 -9999 -9999 -9999 -9999 -9999 -9999 -9999 -9999 -9999 -9999 -9999 -9999 -9999 -9999 -9999 -9999 -9999 -9999 -9999 -9999 -9999 -9999 -9999 -9999 7.73279E-2 3.17956E-1 1.41769E-1 1.60877E-2 1.2066E-3 5.32725E-4 1.15305E-4 1.39337E-4 5.08674E-4 2.71612E-4 1.1502E-4 4.64076E-5 1.17432E-5 8.63102E-6 3.57728E-6 1.04378E-6 8.03537E-7 1.60747E-6 1.02445E-6 2.64637E-7 1.71257E-7 7.97096E-8 9.57232E-8 8.4303E-8 5.05229E-8 4.23563E-8 4.50906E-8 2.00658E-8 3.7547E-8 3.15246E-9 2.17666E-9 3.02985E-9 2.66732E-9
-9999 -9999 -9999 -9999 -9999 -9999 -9999 -9999 -9999 -9999 -9999 -9999 -9999 -9999 -9999 -9999 -9999 -9999 -9999 -9999 -9999 -9999 -9999 -9999 -9999 -9999 -9999 -9999 -9999 -9999 -9999 -9999 -9999 -9999 -9999 -9999 -9999 -9999 -9999 -9999 -9999 -9999 -9999 7.28878E-2 2.26912E-1 2.31655E-1 2.94207E-2 6.94224E-3 1.37354E-3 4.08975E-4 5.4491E-4 9.52244E-5 2.01949E-4 1.67653E-4 1.39894E-4 3.34546E-5 7.76627E-6 3.75562E-6 1.11549E-6 3.34953E-6 1.63127E-6 2.36481E-7 2.8376E-7 2.35911E-7 1.41813E-7 8.38754E-8 9.60976E-8 5.40702E-8 3.65991E-8 3.14244E-8 1.58853E-8 1.03254E-8 2.81128E-9 2.20384E-9 3.22084E-9 2.37455E-9
-9999 -9999 -9999 -9999 -9999 -9999 -9999 -9999 -9999 -9999 -9999 -9999 -9999 -9999 -9999 -9999 -9999 -9999 -9999 -9999 -9999 -9999 -9999 -9999 -9999 -9999 -9999 -9999 -9999 -9999 -9999 -9999 -9999 -9999 -9999 -9999 -9999 -9999 -9999 -9999 -9999 -9999 -9999 1.18254E-2 1.95495E-1 2.26775E-1 1.50817E-1 1.84063E-2 2.50815E-3 6.72462E-4 3.06719E-4 1.65731E-4 8.8012E-5 1.50349E-4 8.29037E-5 1.0225E-4 9.24158E-6 3.99683E-6 2.03405E-6 1.4075E-6 2.47655E-6 1.42019E-6 3.47089E-7 2.6976E-7 2.10729E-7 1.29725E-7 5.49938E-8 6.16774E-8 4.18324E-8 2.53492E-8 2.32612E-8 2.85293E-8 3.78271E-9 2.14819E-9 2.4073E-9 1.79946E-9
