data/processed/Maxent_results1/MaxEnt_Output_crossvalidate_allpointsincluded/religiosa_max.asc
ncols         804
nrows         479
xllcorner     -160.716666666667
yllcorner     18.575
cellsize      0.008333333333
NODATA_value  -9999
[rows 340 to 373 of 479, columns 532 to 607 of 804]
-9999 -9999 -9999 -9999 -9999 -9999 -9999 -9999 -9999 -9999 -9999 -9999 -9999 -9999 -9999 -9999 -9999 -9999 -9999 -9999 -9999 -9999 -9999 -9999 -9999 -9999 -9999 2.29247E-1 3.38053E-1 5.31284E-2 9.92113E-3 2.24043E-2 8.68029E-4 3.85085E-4 1.91157E-4 5.62886E-5 2.75063E-5 5.86385E-5 4.12562E-5 4.984E-5 5.52782E-5 8.04381E-5 4.5258E-5 3.8121E-5 3.41129E-5 1.17439E-5 2.47365E-5 2.29461E-5 8.51387E-5 3.1983E-5 6.6206E-6 1.01887E-5 3.60812E-6 1.40387E-6 1.11884E-6 1.59509E-6 1.84754E-6 9.95714E-7 1.08127E-6 4.99884E-7 4.10653E-7 3.9997E-7 3.07343E-7 9.56207E-7 4.96393E-7 1.99748E-7 6.48642E-7 7.85675E-8 1.65552E-7 3.37549E-7 2.59299E-7 9.01172E-8 8.04344E-8 6.60567E-8 4.78189E-8 2.83927E-8
-9999 -9999 -9999 -9999 -9999 -9999 -9999 -9999 -9999 -9999 -9999 -9999 -9999 -9999 -9999 -9999 -9999 -9999 -9999 -9999 -9999 -9999 -9999 -9999 -9999 -9999 -9999 5.07415E-2 2.51548E-1 4.26504E-2 4.17863E-2 8.18825E-3 1.0798E-3 4.89498E-4 2.62169E-4 5.81961E-5 3.91833E-5 4.7488E-5 2.43441E-5 5.97216E-5 4.46663E-5 7.82669E-5 5.35646E-5 2.04094E-5 4.32865E-5 3.19872E-5 4.12444E-5 9.78668E-5 1.46159E-4 5.33731E-5 2.35772E-5 1.1899E-5 4.37494E-6 2.09022E-6 1.29314E-6 1.0553E-6 6.80006E-7 3.74902E-7 5.72854E-7 4.65909E-7 2.62488E-7 3.13192E-7 1.81054E-7 1.65206E-7 9.92481E-8 1.68528E-7 2.19412E-7 2.21823E-7 1.19739E-7 1.19786E-7 2.34309E-7 7.42498E-8 3.23118E-8 2.31695E-8 3.80788E-8 1.61653E-8
-9999 -9999 -9999 -9999 -9999 -9999 -9999 -9999 -9999 -9999 -9999 -9999 -9999 -9999 -9999 -9999 -9999 -9999 -9999 -9999 -9999 -9999 -9999 -9999 -9999 -9999 -9999 -9999 2.53488E-1 3.05763E-1 2.08465E-2 7.4786E-3 1.4837E-3 7.3919E-4 3.27242E-4 7.04213E-5 7.5618E-5 6.18409E-5 1.63365E-5 6.023E-5 5.17448E-5 7.56426E-5 1.19592E-4 3.29364E-5 1.17151E-4 5.86551E-5 2.4892E-5 4.61184E-5 5.07237E-5 5.17918E-5 6.68508E-5 7.16759E-6 1.4613E-6 4.63623E-7 5.03274E-7 3.92081E-7 4.47047E-7 4.3E-7 3.82484E-7 1.787E-7 1.51493E-7 8.59129E-8 1.65589E-7 4.45864E-8 3.15752E-8 8.43722E-8 9.31799E-8 1.03975E-7 5.94565E-8 5.84769E-8 4.65078E-8 5.28734E-8 2.64113E-8 1.92173E-8 3.26419E-8 5.60765E-9
-9999 -9999 -9999 -9999 -9999 -9999 -9999 -9999 -9999 -9999 -9999 -9999 -9999 -9999 -9999 -9999 -9999 -9999 -9999 -9999 -9999 -9999 -9999 -9999 -9999 -9999 -9999 -9999 1.59412E-1 1.77501E-1 7.61251E-2 1.86893E-2 4.03488E-3 9.90488E-4 6.45828E-4 1.30735E-4 3.71464E-5 3.08498E-5 5.84731E-5 5.72101E-5 5.63535E-5 1.14775E-4 1.66712E-4 1.46421E-4 1.95071E-4 5.75253E-5 9.69407E-5 2.76464E-4 2.57513E-4 4.84272E-4 1.24566E-4 2.67712E-5 4.17983E-6 7.54789E-7 3.61244E-7 6.19852E-7 1.9262E-7 1.7805E-7 3.28601E-7 7.68361E-8 9.8872E-9 1.02329E-8 5.58017E-9 1.91111E-8 9.56662E-9 2.60818E-8 7.68574E-8 5.51286E-8 5.5404E-8 5.15573E-8 4.43411E-8 4.39433E-8 8.21811E-9 7.68318E-9 1.05801E-8 5.97151E-9
-9999 -9999 -9999 -9999 -9999 -9999 -9999 -9999 -9999 -9999 -9999 -9999 -9999 -9999 -9999 -9999 -9999 -9999 -9999 -9999 -9999 -9999 -9999 -9999 -9999 -9999 -9999 -9999 1.74849E-2 1.96368E-1 6.06887E-1 3.6102E-2 3.79741E-3 2.61191E-3 1.52905E-3 2.45668E-4 8.62278E-5 6.74402E-5 2.10795E-5 6.4898E-5 6.77179E-5 1.28033E-4 1.63866E-4 1.43644E-4 1.12352E-4 5.07485E-5 9.3999E-5 6.82089E-4 4.91291E-4 1.74236E-4 1.63163E-4 5.10977E-5 2.75648E-6 1.45203E-6 1.10035E-6 9.34123E-7 7.60263E-7 1.71457E-7 1.33727E-7 6.55029E-10 9.99771E-10 3.44118E-9 4.70081E-9 3.9427E-9 8.64421E-9 1.93284E-8 2.98864E-9 2.06799E-8 4.07288E-8 1.94499E-8 3.04041E-8 1.36002E-8 1.28357E-8 5.75817E-9 2.8555E-9 2.73374E-9
-9999 -9999 -9999 -9999 -9999 -9999 -9999 -9999 -9999 -9999 -9999 -9999 -9999 -9999 -9999 -9999 -9999 -9999 -9999 -9999 -9999 -9999 -9999 -9999 -9999 -9999 -9999 -9999 -9999 -9999 2.09186E-1 3.75976E-2 7.0845E-3 4.20587E-3 1.05482E-3 4.9312E-4 7.27083E-5 5.73421E-5 2.61141E-5 7.78197E-5 8.94285E-5 1.41668E-4 1.33319E-4 1.18317E-4 1.27448E-4 1.17635E-4 1.4052E-4 8.74369E-5 3.00809E-4 4.00969E-4 2.68961E-4 2.76373E-4 2.2816E-5 2.78007E-6 5.88597E-7 7.61212E-7 4.42078E-7 5.30526E-7 6.55312E-9 8.08257E-10 6.07835E-10 2.85851E-9 6.5296E-9 1.38493E-8 7.74679E-9 2.58274E-8 4.37391E-9 1.28088E-8 1.23563E-8 2.16287E-8 3.54274E-8 3.92109E-8 2.25699E-8 9.06234E-9 5.24066E-9 3.7473E-9
-9999 -9999 -9999 -9999 -9999 -9999 -9999 -9999 -9999 -9999 -9999 -9999 -9999 -9999 -9999 -9999 -9999 -9999 -9999 -9999 -9999 -9999 -9999 -9999 -9999 -9999 -9999 -9999 -9999 -9999 2.28218E-2 2.04206E-1 2.38037E-2 3.72519E-3 9.58166E-4 3.83261E-4 1.4072E-4 3.38499E-5 3.46357E-5 3.65069E-5 1.5164E-4 1.48476E-4 1.27013E-4 2.07077E-4 1.23836E-4 1.29928E-4 8.79071E-5 5.64329E-5 1.104E-4 1.22349E-4 5.13673E-4 1.03158E-4 4.15107E-6 1.27642E-6 5.87021E-7 3.04926E-7 5.25142E-7 1.69988E-7 2.48196E-8 2.07532E-9 1.03505E-9 2.33239E-9 1.76545E-9 1.58014E-9 2.48803E-9 6.41105E-9 9.18561E-9 1.31866E-8 1.14305E-8 2.32609E-8 2.9495E-8 2.18648E-8 2.2603E-8 1.01319E-8 4.9406E-9 4.36207E-9
-9999 -9999 -9999 -9999 -9999 -9999 -9999 -9999 -9999 -9999 -9999 -9999 -9999 -9999 -9999 -9999 -9999 -9999 -9999 -9999 -9999 -9999 -9999 -9999 -9999 -9999 -9999 -9999 -9999 -9999 -9999 4.21709E-2 3.53516E-2 7.86079E-3 1.12169E-3 7.27802E-4 1.88565E-4 1.31661E-4 1.49094E-4 3.60484E-5 3.76383E-5 1.65954E-4 2.04159E-4 1.44525E-4 1.01541E-4 9.7379E-5 1.32995E-4 1.48037E-4 4.90884E-5 1.81436E-4 2.81457E-5 2.10997E-5 4.08654E-6 6.83405E-7 7.86073E-7 7.43188E-7 3.27501E-7 1.97232E-7 8.19464E-9 3.41067E-9 4.05514E-9 1.49517E-9 1.40694E-9 4.74236E-9 4.99986E-9 1.13211E-8 5.91143E-8 4.34518E-8 1.85909E-8 1.93361E-8 2.89177E-8 1.8496E-8 1.64434E-8 1.26945E-8 1.0517E-8 1.07032E-8
-9999 -9999 -9999 -9999 -9999 -9999 -9999 -9999 -9999 -9999 -9999 -9999 -9999 -9999 -9999 -9999 -9999 -9999 -9999 -9999 -9999 -9999 -9999 -9999 -9999 -9999 -9999 -9999 -9999 -9999 6.47574E-2 1.4609E-1 2.75689E-2 9.6775E-3 2.14339E-3 6.26761E-4 4.76499E-4 1.06332E-4 5.24897E-5 5.48703E-5 5.45931E-5 5.08478E-5 1.42428E-4 1.89238E-4 7.60269E-5 1.11444E-4 1.61729E-4 1.11783E-4 1.35522E-4 1.39292E-4 9.2511E-6 3.08801E-6 3.03961E-6 1.42639E-6 1.42149E-6 2.39558E-7 6.21743E-7 2.31775E-7 8.09832E-9 1.84385E-9 2.81762E-9 1.17751E-9 1.65971E-9 1.7358E-9 4.9534E-9 8.67748E-9 1.63914E-8 1.69942E-8 4.36211E-8 5.84839E-8 5.4283E-8 3.11321E-8 3.64466E-8 1.93253E-8 1.54505E-8 1.10421E-8
-9999 -9999 -9999 -9999 -9999 -9999 -9999 -9999 -9999 -9999 -9999 -9999 -9999 -9999 -9999 -9999 -9999 -9999 -9999 -9999 -9999 -9999 -9999 -9999 -9999 -9999 -9999 -9999 -9999 -9999 5.87777E-2 1.40332E-1 6.22361E-2 1.88947E-2 4.56585E-3 1.98804E-3 6.4701E-4 3.70882E-4 5.19623E-5 5.33645E-5 7.17435E-5 4.37713E-5 6.05613E-5 1.8297E-4 1.09351E-4 1.30186E-4 9.58636E-5 2.19264E-4 2.99631E-5 3.63726E-5 2.49895E-5 4.33277E-6 2.26397E-6 2.06828E-6 2.25857E-6 6.55371E-7 1.65784E-7 5.46549E-8 4.41808E-9 1.49008E-9 2.06655E-9 1.27478E-9 8.65295E-10 1.57738E-9 7.80708E-9 9.66102E-9 1.52042E-8 8.88444E-8 1.48363E-7 3.53233E-8 6.62833E-8 6.71586E-8 4.64414E-8 3.4895E-8 2.78355E-8 2.0019E-8
-9999 -9999 -9999 -9999 -9999 -9999 -9999 -9999 -9999 -9999 -9999 -9999 -9999 -9999 -9999 -9999 -9999 -9999 -9999 -9999 -9999 -9999 -9999 -9999 -9999 -9999 -9999 -9999 -9999 -9999 -9999 -9999 1.51772E-3 2.35594E-2 1.00498E-2 5.16261E-3 3.08055E-3 7.03663E-4 5.53379E-4 5.02276E-5 4.37397E-5 7.18999E-5 4.5684E-5 8.75487E-5 2.42586E-4 2.36914E-4 2.6841E-5 8.37949E-5 3.12671E-5 1.42001E-5 1.03376E-5 1.77033E-6 5.35463E-6 3.20656E-6 9.29635E-7 5.24368E-7 3.93461E-7 1.45257E-7 5.97479E-9 1.20161E-9 2.05883E-9 1.36429E-9 4.06082E-9 2.50688E-9 6.93617E-9 1.22522E-8 3.20087E-8 2.03785E-8 1.25976E-7 1.38695E-7 8.58658E-8 5.56457E-8 5.3115E-8 3.31815E-8 2.7657E-8 1.51504E-8
-9999 -9999 -9999 -9999 -9999 -9999 -9999 -9999 -9999 -9999 -9999 -9999 -9999 -9999 -9999 -9999 -9999 -9999 -9999 -9999 -9999 -9999 -9999 -9999 -9999 -9999 -9999 -9999 -9999 -9999 -9999 -9999 -9999 -9999 -9999 1.08342E-2 4.6662E-3 2.87275E-3 1.28157E-3 2.83924E-4 1.373E-4 3.43949E-5 6.72523E-5 6.85924E-5 4.55955E-5 1.30422E-4 3.73874E-5 6.86136E-5 7.49765E-5 1.67756E-5 5.95025E-6 6.89856E-6 3.05225E-6 2.42033E-6 1.30316E-6 1.60097E-6 9.26272E-7 1.93415E-7 1.67221E-8 2.65567E-9 2.4892E-9 2.32036E-9 3.61911E-9 1.10738E-8 9.87031E-9 3.21876E-8 5.65443E-8 9.65898E-8 9.61125E-8 6.86364E-8 2.97649E-8 4.10452E-8 4.54128E-8 2.5613E-8 2.38284E-8 1.43272E-8
-9999 -9999 -9999 -9999 -9999 -9999 -9999 -9999 -9999 -9999 -9999 -9999 -9999 -9999 -9999 -9999 -9999 -9999 -9999 -9999 -9999 -9999 -9999 -9999 -9999 -9999 -9999 -9999 -9999 -9999 -9999 -9999 -9999 -9999 -9999 1.21079E-1 1.40547E-2 1.67282E-2 2.62954E-3 2.74955E-4 1.45389E-4 1.31684E-4 1.23272E-4 1.18547E-4 6.54668E-5 8.44707E-5 7.86851E-5 6.67796E-5 1.75643E-4 2.93372E-5 9.88332E-6 7.90059E-6 3.29546E-6 2.80673E-6 3.32623E-6 7.89397E-7 2.71769E-7 1.02436E-7 1.52083E-8 2.56833E-9 4.94028E-9 9.05126E-9 9.49512E-9 1.87969E-8 4.52244E-8 5.506E-8 7.55147E-8 8.53118E-8 8.78847E-8 9.90173E-8 6.46197E-8 2.7756E-8 3.54137E-8 2.54784E-8 2.53834E-8 9.30419E-9
-9999 -9999 -9999 -9999 -9999 -9999 -9999 -9999 -9999 -9999 -9999 -9999 -9999 -9999 -9999 -9999 -9999 -9999 -9999 -9999 -9999 -9999 -9999 -9999 -9999 -9999 -9999 -9999 -9999 -9999 -9999 -9999 -9999 -9999 -9999 -9999 2.66415E-2 2.103E-2 1.00738E-2 1.1642E-3 3.87026E-4 1.33307E-4 1.04893E-4 5.1101E-5 4.05162E-5 1.29338E-4 1.65315E-4 2.25976E-4 2.16114E-4 4.58634E-5 2.36092E-5 8.71562E-6 6.41218E-6 5.62128E-6 1.28831E-6 2.90947E-6 5.05033E-7 3.11004E-7 2.59878E-8 2.74369E-9 3.90384E-9 1.85543E-8 1.82779E-8 5.98294E-8 1.30963E-7 1.32947E-7 6.70653E-8 1.89383E-7 2.12753E-7 5.25667E-8 1.61002E-7 7.62179E-8 2.03874E-8 1.85994E-8 2.13379E-8 1.43749E-8
-9999 -9999 -9999 -9999 -9999 -9999 -9999 -9999 -9999 -9999 -9999 -9999 -9999 -9999 -9999 -9999 -9999 -9999 -9999 -9999 -9999 -9999 -9999 -9999 -9999 -9999 -9999 -9999 -9999 -9999 -9999 -9999 -9999 -9999 -9999 -9999 2.59319E-1 1.29756E-1 4.86143E-2 4.1519E-3 4.15629E-4 7.35277E-4 1.55377E-4 9.87958E-5 2.21736E-4 2.72371E-4 3.35582E-4 2.5885E-4 3.80649E-4 2.23257E-5 3.00554E-5 1.10886E-5 1.36103E-5 1.17373E-5 2.26236E-6 2.24158E-6 3.9702E-7 3.10909E-7 4.20387E-8 1.29115E-8 1.02778E-8 7.88251E-8 4.52631E-8 1.94819E-7 4.27726E-7 3.14281E-7 1.59094E-7 1.64761E-7 1.27693E-7 7.11661E-8 3.56212E-8 4.4586E-8 5.17568E-8 1.52163E-8 2.21536E-8 1.72037E-8
-9999 -9999 -9999 -9999 -9999 -9999 -9999 -9999 -9999 -9999 -9999 -9999 -9999 -9999 -9999 -9999 -9999 -9999 -9999 -9999 -9999 -9999 -9999 -9999 -9999 -9999 -9999 -9999 -9999 -9999 -9999 -9999 -9999 -9999 -9999 -9999 -9999 1.51453E-1 1.12176E-1 1.1473E-2 1.06861E-3 4.33835E-4 3.45755E-4 1.52866E-4 2.47768E-4 3.02867E-4 1.74449E-4 1.97555E-4 2.96079E-4 7.72087E-5 2.35758E-5 4.83962E-5 3.92109E-5 2.30356E-5 7.12358E-6 2.18571E-6 2.29371E-6 1.73167E-7 9.99765E-8 3.02824E-8 6.92738E-8 9.67997E-8 3.48109E-7 2.94115E-7 5.50197E-7 5.18332E-7 3.35849E-7 2.48067E-7 1.34759E-7 7.84145E-8 3.63749E-8 1.16839E-7 5.33809E-8 2.89145E-8 1.28666E-8 1.37607E-8
-9999 -9999 -9999 -9999 -9999 -9999 -9999 -9999 -9999 -9999 -9999 -9999 -9999 -9999 -9999 -9999 -9999 -9999 -9999 -9999 -9999 -9999 -9999 -9999 -9999 -9999 -9999 -9999 -9999 -9999 -9999 -9999 -9999 -9999 -9999 -9999 -9999 2.31765E-1 1.41862E-1 2.96053E-2 3.21665E-3 5.36754E-4 4.90389E-4 1.15315E-4 3.08326E-4 5.11742E-4 1.98718E-4 2.01294E-4 1.44313E-4 5.03627E-5 4.68827E-5 5.89934E-5 4.34927E-5 9.67732E-6 7.19396E-6 1.16314E-6 1.53479E-6 1.34719E-7 1.80032E-7 3.08858E-8 7.30214E-8 1.35359E-7 2.71488E-7 3.8269E-7 5.58601E-7 5.52275E-7 1.90833E-7 2.37778E-7 1.36013E-7 5.16234E-8 5.19202E-8 1.01196E-7 5.63813E-8 8.03827E-8 3.78025E-8 8.77049E-9
-9999 -9999 -9999 -9999 -9999 -9999 -9999 -9999 -9999 -9999 -9999 -9999 -9999 -9999 -9999 -9999 -9999 -9999 -9999 -9999 -9999 -9999 -9999 -9999 -9999 -9999 -9999 -9999 -9999 -9999 -9999 -9999 -9999 -9999 -9999 -9999 -9999 2.37907E-1 1.7289E-1 4.65843E-2 5.67323E-3 1.30724E-3 2.12032E-4 1.98983E-4 2.86518E-4 2.38638E-4 8.97711E-5 1.16783E-4 1.59747E-4 1.0145E-4 7.47741E-5 1.79406E-5 1.66884E-5 1.20259E-5 5.13989E-6 6.29537E-6 1.45053E-6 1.72344E-7 2.29987E-7 4.87623E-8 1.57034E-7 2.50148E-7 2.95099E-7 6.41702E-7 6.0132E-7 2.92255E-7 1.58911E-7 2.4723E-7 1.64791E-7 1.30263E-7 6.50728E-8 1.64579E-7 1.13207E-7 6.555E-8 7.13796E-8 2.42232E-8
-9999 -9999 -9999 -9999 -9999 -9999 -9999 -9999 -9999 -9999 -9999 -9999 -9999 -9999 -9999 -9999 -9999 -9999 -9999 -9999 -9999 -9999 -9999 -9999 -9999 -9999 -9999 -9999 -9999 -9999 -9999 -9999 -9999 -9999 -9999 -9999 -9999 -9999 2.21514E-1 7.31302E-2 6.19497E-3 3.61098E-3 7.93997E-4 5.52034E-4 2.33507E-4 2.20773E-4 1.02721E-4 1.09084E-4 2.97161E-4 1.59727E-4 1.29756E-4 6.37635E-5 4.41698E-5 2.51034E-5 5.39887E-6 4.84361E-6 2.71822E-6 4.5908E-7 4.43891E-7 5.98242E-8 1.41896E-7 2.93488E-7 2.24847E-7 3.14822E-7 5.51639E-7 4.27681E-7 2.71736E-7 2.55658E-7 1.37869E-7 1.35559E-7 1.01947E-7 5.01167E-8 1.5627E-7 1.03509E-7 3.64202E-8 3.35107E-8
-9999 -9999 -9999 -9999 -9999 -9999 -9999 -9999 -9999 -9999 -9999 -9999 -9999 -9999 -9999 -9999 -9999 -9999 -9999 -9999 -9999 -9999 -9999 -9999 -9999 -9999 -9999 -9999 -9999 -9999 -9999 -9999 -9999 -9999 -9999 -9999 -9999 -9999 1.84603E-1 1.68703E-1 3.31313E-2 4.07474E-3 9.91559E-4 7.37759E-4 7.30219E-4 1.30078E-4 2.04424E-4 2.81086E-4 8.16787E-5 1.13827E-4 8.0113E-5 6.93044E-5 7.64201E-5 4.38238E-5 5.2358E-6 6.16747E-6 1.91876E-6 9.19681E-7 2.48945E-7 3.51369E-7 4.38357E-7 3.86846E-7 5.93793E-7 3.50521E-7 4.14044E-7 4.28091E-7 5.0479E-7 2.83907E-7 3.21818E-7 2.81702E-7 2.14978E-7 4.90132E-8 8.27432E-8 7.0037E-8 5.74826E-8 1.18158E-8
-9999 -9999 -9999 -9999 -9999 -9999 -9999 -9999 -9999 -9999 -9999 -9999 -9999 -9999 -9999 -9999 -9999 -9999 -9999 -9999 -9999 -9999 -9999 -9999 -9999 -9999 -9999 -9999 -9999 -9999 -9999 -9999 -9999 -9999 -9999 -9999 -9999 -9999 8.29282E-2 2.57887E-1 3.25848E-2 2.86455E-3 1.30174E-3 9.99117E-4 4.04362E-4 4.52523E-4 2.76232E-4 1.72168E-4 6.1883E-5 8.82895E-5 1.03641E-4 7.22771E-5 6.47111E-5 4.75145E-5 9.22273E-6 7.38085E-6 3.13693E-6 1.43158E-6 1.68687E-6 2.91861E-7 4.41287E-7 5.21808E-7 4.77746E-7 7.00765E-7 6.26348E-7 7.64515E-7 5.04669E-7 3.65279E-7 1.91432E-7 1.7644E-7 9.52107E-8 5.78656E-8 5.85729E-8 5.39753E-8 2.45973E-8 2.55878E-8
-9999 -9999 -9999 -9999 -9999 -9999 -9999 -9999 -9999 -9999 -9999 -9999 -9999 -9999 -9999 -9999 -9999 -9999 -9999 -9999 -9999 -9999 -9999 -9999 -9999 -9999 -9999 -9999 -9999 -9999 -9999 -9999 -9999 -9999 -9999 -9999 -9999 -9999 9.38876E-2 4.16966E-1 3.56912E-2 7.56091E-3 1.51764E-3 1.03084E-3 7.45192E-4 1.24448E-3 5.63263E-4 1.7426E-4 8.02654E-5 4.2659E-5 1.57192E-4 4.46841E-5 2.62261E-5 3.73286E-5 7.44407E-6 2.54453E-6 2.14814E-6 2.09462E-6 1.63583E-6 4.24702E-7 3.50583E-7 3.19399E-7 5.81675E-7 6.61764E-7 1.04612E-6 9.70063E-7 5.46886E-7 2.8007E-7 3.653E-7 3.32276E-7 9.11338E-8 4.83852E-8 3.5478E-8 3.59963E-8 3.90238E-8 9.32217E-9
-9999 -9999 -9999 -9999 -9999 -9999 -9999 -9999 -9999 -9999 -9999 -9999 -9999 -9999 -9999 -9999 -9999 -9999 -9999 -9999 -9999 -9999 -9999 -9999 -9999 -9999 -9999 -9999 -9999 -9999 -9999 -9999 -9999 -9999 -9999 -9999 -9999 -9999 -9999 5.71613E-2 1.07526E-1 1.12114E-2 2.6015E-3 3.42955E-3 4.46062E-4 8.55853E-4 5.65276E-4 4.68988E-4 3.01389E-4 1.08083E-4 1.83745E-4 1.29871E-4 2.92499E-5 1.89007E-5 7.4337E-6 4.82108E-6 2.01021E-6 2.35926E-6 1.7168E-6 3.14323E-7 4.54181E-7 4.49046E-7 3.1535E-7 7.59637E-7 9.27546E-7 9.22478E-7 4.18201E-7 3.02663E-7 2.68277E-7 3.62053E-7 8.45365E-8 7.36596E-8 5.60353E-8 2.91334E-8 3.1954E-8 2.52959E-8
-9999 -9999 -9999 -9999 -9999 -9999 -9999 -9999 -9999 -9999 -9999 -9999 -9999 -9999 -9999 -9999 -9999 -9999 -9999 -9999 -9999 -9999 -9999 -9999 -9999 -9999 -9999 -9999 -9999 -9999 -9999 -9999 -9999 -9999 -9999 -9999 -9999 -9999 -9999 1.30829E-1 1.03009E-1 1.81539E-2 4.73636E-3 1.88702E-3 2.60469E-3 9.34071E-4 7.79822E-4 4.66838E-4 1.22216E-4 2.22804E-4 2.01978E-4 1.12175E-4 6.02507E-5 3.45007E-5 1.57216E-5 7.516E-6 1.84126E-6 2.82742E-6 7.01102E-7 4.6488E-7 2.75234E-7 5.46848E-7 3.43502E-7 8.33107E-7 7.16596E-7 5.0887E-7 3.85611E-7 2.62397E-7 2.39744E-7 1.04247E-7 8.79967E-8 9.07749E-8 4.50798E-8 5.89702E-8 3.81188E-8 1.47254E-8
-9999 -9999 -9999 -9999 -9999 -9999 -9999 -9999 -9999 -9999 -9999 -9999 -9999 -9999 -9999 -9999 -9999 -9999 -9999 -9999 -9999 -9999 -9999 -9999 -9999 -9999 -9999 -9999 -9999 -9999 -9999 -9999 -9999 -9999 -9999 -9999 -9999 -9999 -9999 2.7847E-2 2.34237E-1 4.86594E-2 9.34133E-3 1.96807E-3 1.24563E-3 1.01884E-3 7.40856E-4 2.42596E-4 3.9462E-4 1.38023E-4 9.21402E-5 1.15501E-4 8.46541E-5 4.65412E-5 2.3815E-5 1.58759E-5 3.91848E-6 3.10101E-6 7.2777E-6 8.72644E-7 6.25752E-7 4.35267E-7 5.87646E-7 3.30848E-7 3.49539E-7 4.38858E-7 3.18646E-7 2.38019E-7 2.0434E-7 7.10924E-8 5.3829E-8 3.7162E-8 9.09957E-8 5.71871E-8 1.19981E-8 5.91382E-9
-9999 -9999 -9999 -9999 -9999 -9999 -9999 -9999 -9999 -9999 -9999 -9999 -9999 -9999 -9999 -9999 -9999 -9999 -9999 -9999 -9999 -9999 -9999 -9999 -9999 -9999 -9999 -9999 -9999 -9999 -9999 -9999 -9999 -9999 -9999 -9999 -9999 -9999 -9999 1.16718E-1 2.0395E-1 4.15355E-2 1.81455E-2 2.05934E-3 3.7829E-3 6.69818E-4 1.36321E-3 7.0874E-4 2.69088E-4 9.41707E-5 9.71568E-5 4.24307E-5 5.36649E-5 8.46927E-5 2.82445E-5 3.63833E-6 2.34533E-6 2.70752E-6 2.39279E-6 3.05943E-6 4.95029E-7 5.24372E-7 5.28571E-7 4.79893E-7 3.67926E-7 2.52247E-7 4.86042E-7 2.1809E-7 1.0624E-7 7.75904E-8 4.84471E-8 1.77118E-7 8.68862E-8 1.2654E-8 3.02069E-9 2.2953E-9
-9999 -9999 -9999 -9999 -9999 -9999 -9999 -9999 -9999 -9999 -9999 -9999 -9999 -9999 -9999 -9999 -9999 -9999 -9999 -9999 -9999 -9999 -9999 -9999 -9999 -9999 -9999 -9999 -9999 -9999 -9999 -9999 -9999 -9999 -9999 -9999 -9999 -9999 -9999 8.17082E-2 4.34058E-1 1.45262E-1 2.63253E-2 6.75127E-3 2.31195E-3 1.53434E-3 4.59486E-4 3.78315E-4 2.99855E-4 2.85232E-4 9.1516E-5 5.41245E-5 5.57257E-5 6.25717E-5 4.25207E-5 1.15454E-5 4.11328E-6 2.0624E-6 2.27932E-6 3.11057E-6 2.23815E-6 6.86224E-7 5.51921E-7 3.14486E-7 3.22176E-7 4.85413E-7 2.27092E-7 1.93386E-7 1.28222E-7 7.97064E-8 5.45811E-8 3.37985E-8 6.66381E-8 4.44602E-9 1.93666E-9 1.7415E-9
-9999 -9999 -9999 -9999 -9999 -9999 -9999 -9999 -9999 -9999 -9999 -9999 -9999 -9999 -9999 -9999 -9999 -9999 -9999 -9999 -9999 -9999 -9999 -9999 -9999 -9999 -9999 -9999 -9999 -9999 -9999 -9999 -9999 -9999 -9999 -9999 -9999 -9999 -9999 -9999 1.52824E-1 1.36346E-1 2.49118E-2 7.91193E-3 1.90834E-3 1.84089E-3 5.64295E-4 5.35842E-4 3.02587E-4 1.66478E-4 1.99102E-4 1.47901E-4 4.83378E-5 3.63298E-5 6.25246E-5 2.19314E-5 4.96487E-6 4.55546E-6 1.65222E-6 6.86847E-7 2.45545E-6 1.11448E-6 6.45119E-7 4.04322E-7 2.6831E-7 3.15004E-7 2.52317E-7 1.63283E-7 1.53138E-7 9.65955E-8 6.85693E-8 1.25558E-7 7.21024E-8 7.66103E-9 2.73658E-9 3.01776E-9
-9999 -9999 -9999 -9999 -9999 -9999 -9999 -9999 -9999 -9999 -9999 -9999 -9999 -9999 -9999 -9999 -9999 -9999 -9999 -9999 -9999 -9999 -9999 -9999 -9999 -9999 -9999 -9999 -9999 -9999 -9999 -9999 -9999 -9999 -9999 -9999 -9999 -9999 -9999 -9999 4.26418E-2 8.94224E-2 6.02077E-2 1.06356E-2 3.39941E-3 1.61034E-3 6.6262E-4 2.32236E-4 2.39613E-4 4.8401E-4 3.43079E-4 1.53402E-4 1.82786E-4 2.51243E-4 5.90394E-5 1.02214E-5 5.89219E-6 2.29101E-6 1.81516E-6 1.19968E-6 2.50541E-6 1.08385E-6 6.53602E-7 4.62538E-7 3.22065E-7 1.9935E-7 1.15951E-7 1.55407E-7 1.14903E-7 7.70544E-8 5.06972E-8 1.34964E-7 6.03116E-8 1.07408E-8 3.44771E-9 3.32085E-9
-9999 -9999 -9999 -9999 -9999 -9999 -9999 -9999 -9999 -9999 -9999 -9999 -9999 -9999 -9999 -9999 -9999 -9999 -9999 -9999 -9999 -9999 -9999 -9999 -9999 -9999 -9999 -9999 -9999 -9999 -9999 -9999 -9999 -9999 -9999 -9999 -9999 -9999 -9999 -9999 1.41546E-1 1.14944E-1 9.86231E-2 2.74423E-2 2.8907E-3 1.88538E-3 1.38298E-3 5.60116E-4 1.09441E-3 4.99826E-4 5.29765E-4 3.22757E-4 3.01469E-4 2.25312E-4 3.93447E-4 4.53785E-5 8.52586E-6 4.70559E-6 1.1842E-6 9.74777E-7 6.40487E-7 1.63015E-6 6.75339E-7 2.86147E-7 1.73361E-7 2.29459E-7 1.44275E-7 1.08089E-7 1.34516E-7 1.10862E-7 5.54528E-8 1.47738E-7 1.15456E-8 6.74143E-9 2.72168E-9 5.43038E-9
-9999 -9999 -9999 -9999 -9999 -9999 -9999 -9999 -9999 -9999 -9999 -9999 -9999 -9999 -9999 -9999 -9999 -9999 -9999 -9999 -9999 -9999 -9999 -9999 -9999 -9999 -9999 -9999 -9999 -9999 -9999 -9999 -9999 -9999 -9999 -9999 -9999 -9999 -9999 -9999 -9999 7.77501E-3 -9999 2.61179E-1 5.31071E-2 8.06347E-3 1.71645E-3 1.02472E-3 7.84137E-4 4.24999E-4 6.57106E-4 1.10894E-3 1.33976E-4 1.06608E-4 1.44348E-4 2.1914E-5 2.39846E-5 2.77559E-6 1.70652E-6 8.9167E-7 9.20688E-7 1.6761E-6 4.49918E-7 3.92767E-7 1.48523E-7 1.67848E-7 1.44979E-7 1.16285E-7 1.10573E-7 5.4069E-8 5.09653E-8 2.25016E-7 8.4934E-9 2.73802E-9 3.453E-9 5.71112E-9
-9999 -9999 -9999 -9999 -9999 -9999 -9999 -9999 -9999 -9999 -9999 -9999 -9999 -9999 -9999 -9999 -9999 -9999 -9999 -9999 -9999 -9999 -9999 -9999 -9999 -9999 -9999 -9999 -9999 -9999 -9999 -9999 -9999 -9999 -9999 -9999 -9999 -9999 -9999 -9999 -9999 -9999 -9999 7.73279E-2 3.17956E-1 2.01001E-1 1.68416E-2 1.38848E-3 1.01782E-3 2.05975E-4 2.82083E-4 1.0641E-3 4.99671E-4 2.13816E-4 9.57184E-5 1.78874E-5 1.07624E-5 4.55097E-6 1.29737E-6 1.00768E-6 2.6423E-6 1.56179E-6 5.07032E-7 2.78051E-7 1.36355E-7 1.54179E-7 1.42884E-7 1.21534E-7 9.43224E-8 9.25161E-8 4.9409E-8 7.87445E-8 6.00932E-9 4.0798E-9 4.9802E-9 5.73666E-9
-9999 -9999 -9999 -9999 -9999 -9999 -9999 -9999 -9999 -9999 -9999 -9999 -9999 -9999 -9999 -9999 -9999 -9999 -9999 -9999 -9999 -9999 -9999 -9999 -9999 -9999 -9999 -9999 -9999 -9999 -9999 -9999 -9999 -9999 -9999 -9999 -9999 -9999 -9999 -9999 -9999 -9999 -9999 7.28878E-2 2.26912E-1 3.19644E-1 3.81244E-2 8.33787E-3 1.68469E-3 8.11413E-4 1.44918E-3 1.99035E-4 3.68448E-4 2.75033E-4 2.64481E-4 6.6985E-5 1.08367E-5 5.28694E-6 1.40986E-6 4.55248E-6 2.8137E-6 3.75005E-7 5.303E-7 3.60966E-7 2.03844E-7 1.43865E-7 1.78711E-7 1.26721E-7 9.11546E-8 8.18038E-8 4.0307E-8 1.9514E-8 4.83756E-9 3.58701E-9 5.28788E-9 4.57698E-9
-9999 -9999 -9999 -9999 -9999 -9999 -9999 -9999 -9999 -9999 -9999 -9999 -9999 -9999 -9999 -9999 -9999 -9999 -9999 -9999 -9999 -9999 -9999 -9999 -9999 -9999 -9999 -9999 -9999 -9999 -9999 -9999 -9999 -9999 -9999 -9999 -9999 -9999 -9999 -9999 -9999 -9999 -9999 1.18254E-2 2.06015E-1 2.48337E-1 2.2351E-1 1.99368E-2 2.83493E-3 9.60286E-4 6.05587E-4 3.34054E-4 1.34388E-4 2.58859E-4 1.34152E-4 2.12481E-4 1.36258E-5 6.13714E-6 2.52248E-6 1.79813E-6 3.90288E-6 2.20086E-6 6.12462E-7 4.19591E-7 3.20024E-7 2.22809E-7 1.0075E-7 1.43544E-7 1.02668E-7 5.62387E-8 5.43376E-8 5.86253E-8 6.0083E-9 3.67576E-9 3.97503E-9 3.3538E-9
