data/processed/Maxent_results1/MaxEnt_Output_crossvalidate_allpointsincluded/religiosa_3.asc
ncols         804
nrows         479
xllcorner     -160.716666666667
yllcorner     18.575
cellsize      0.008333333333
NODATA_value  -9999
[rows 340 to 373 of 479, columns 532 to 607 of 804]
-9999 -9999 -9999 -9999 -9999 -9999 -9999 -9999 -9999 -9999 -9999 -9999 -9999 -9999 -9999 -9999 -9999 -9999 -9999 -9999 -9999 -9999 -9999 -9999 -9999 -9999 -9999 2.29247E-1 3.38053E-1 4.09982E-2 6.42733E-3 1.86894E-2 8.68029E-4 3.80427E-4 1.76633E-4 3.59475E-5 1.63585E-5 5.86385E-5 4.12562E-5 4.984E-5 5.52782E-5 8.04381E-5 4.5258E-5 3.8121E-5 3.41129E-5 1.17439E-5 2.44955E-5 2.16312E-5 7.20421E-5 2.18478E-5 5.57579E-6 5.7948E-6 2.47423E-6 1.15451E-6 1.11884E-6 1.32403E-6 1.5054E-6 8.58349E-7 8.91658E-7 4.99884E-7 4.05868E-7 3.9997E-7 2.58723E-7 7.60158E-7 3.98347E-7 1.66485E-7 5.46396E-7 7.49727E-8 1.13156E-7 2.99646E-7 2.0661E-7 8.5002E-8 6.82347E-8 5.69936E-8 3.52004E-8 2.24667E-8
-9999 -9999 -9999 -9999 -9999 -9999 -9999 -9999 -9999 -9999 -9999 -9999 -9999 -9999 -9999 -9999 -9999 -9999 -9999 -9999 -9999 -9999 -9999 -9999 -9999 -9999 -9999 4.35553E-2 2.51548E-1 3.2454E-2 3.55555E-2 8.18825E-3 1.0798E-3 4.58095E-4 1.83798E-4 3.59559E-5 3.40532E-5 4.7488E-5 2.43441E-5 5.32427E-5 4.46663E-5 7.82669E-5 5.35646E-5 1.22873E-5 1.83568E-5 1.46087E-5 1.75841E-5 3.11018E-5 4.324E-5 2.0274E-5 8.80577E-6 5.02094E-6 2.10751E-6 1.32283E-6 1.29314E-6 7.81555E-7 5.36008E-7 3.22655E-7 5.72854E-7 4.65909E-7 2.24715E-7 2.62615E-7 1.81054E-7 1.65206E-7 9.92481E-8 1.68528E-7 1.85273E-7 1.61084E-7 9.96638E-8 1.10753E-7 1.86364E-7 6.45227E-8 2.9328E-8 2.03522E-8 2.96352E-8 1.19695E-8
-9999 -9999 -9999 -9999 -9999 -9999 -9999 -9999 -9999 -9999 -9999 -9999 -9999 -9999 -9999 -9999 -9999 -9999 -9999 -9999 -9999 -9999 -9999 -9999 -9999 -9999 -9999 -9999 2.53488E-1 3.05763E-1 1.49719E-2 7.47754E-3 1.4837E-3 7.20895E-4 3.19263E-4 5.15912E-5 7.5618E-5 6.18409E-5 1.56447E-5 6.023E-5 5.17448E-5 7.56426E-5 1.19592E-4 3.19662E-5 3.81938E-5 3.62083E-5 9.25084E-6 1.44406E-5 1.49048E-5 2.28378E-5 3.40605E-5 2.76385E-6 7.53815E-7 3.13547E-7 5.03274E-7 2.95403E-7 3.25902E-7 3.32447E-7 3.82484E-7 1.43565E-7 1.22798E-7 7.2672E-8 1.31127E-7 4.45864E-8 3.15752E-8 8.43722E-8 7.6808E-8 1.03975E-7 5.94565E-8 5.32829E-8 3.65901E-8 4.46475E-8 2.24714E-8 1.52053E-8 2.47868E-8 4.77305E-9
-9999 -9999 -9999 -9999 -9999 -9999 -9999 -9999 -9999 -9999 -9999 -9999 -9999 -9999 -9999 -9999 -9999 -9999 -9999 -9999 -9999 -9999 -9999 -9999 -9999 -9999 -9999 -9999 1.59412E-1 1.2964E-1 7.61251E-2 1.43212E-2 4.03488E-3 9.83101E-4 6.08916E-4 1.07361E-4 2.88013E-5 2.52348E-5 5.84731E-5 5.72101E-5 5.63535E-5 1.14775E-4 1.66712E-4 1.30729E-4 6.69095E-5 3.88927E-5 5.16519E-5 5.5451E-5 4.67391E-5 7.012E-5 2.56731E-5 6.34171E-6 1.50542E-6 3.71639E-7 2.15779E-7 3.43196E-7 1.31837E-7 1.25831E-7 2.23073E-7 6.10474E-8 9.09706E-9 9.83344E-9 5.03894E-9 1.6726E-8 7.90281E-9 2.18063E-8 5.76054E-8 4.87671E-8 5.48329E-8 5.00476E-8 3.76429E-8 3.28649E-8 6.5986E-9 6.42201E-9 8.60219E-9 4.66957E-9
-9999 -9999 -9999 -9999 -9999 -9999 -9999 -9999 -9999 -9999 -9999 -9999 -9999 -9999 -9999 -9999 -9999 -9999 -9999 -9999 -9999 -9999 -9999 -9999 -9999 -9999 -9999 -9999 1.74849E-2 1.96368E-1 6.06887E-1 3.36613E-2 3.13313E-3 2.45397E-3 1.33615E-3 2.32818E-4 7.5665E-5 6.74402E-5 1.77719E-5 6.4898E-5 6.77179E-5 1.28033E-4 1.63866E-4 1.19233E-4 1.12352E-4 1.74828E-5 2.70209E-5 1.21965E-4 1.7087E-4 2.74951E-5 2.97525E-5 1.87959E-5 1.88557E-6 5.25626E-7 4.22629E-7 3.56379E-7 2.5061E-7 1.1013E-7 9.78511E-8 6.33973E-10 9.63662E-10 2.93203E-9 4.12905E-9 3.26913E-9 7.25889E-9 1.5156E-8 2.68902E-9 1.69122E-8 2.92866E-8 1.78574E-8 2.74394E-8 1.04197E-8 9.91035E-9 4.38395E-9 2.72451E-9 2.73374E-9
-9999 -9999 -9999 -9999 -9999 -9999 -9999 -9999 -9999 -9999 -9999 -9999 -9999 -9999 -9999 -9999 -9999 -9999 -9999 -9999 -9999 -9999 -9999 -9999 -9999 -9999 -9999 -9999 -9999 -9999 2.09186E-1 2.88689E-2 6.28905E-3 4.04467E-3 9.89366E-4 3.64748E-4 4.71622E-5 5.73421E-5 2.08967E-5 7.78197E-5 8.94285E-5 1.41668E-4 1.33319E-4 1.18317E-4 1.09781E-4 8.65435E-5 7.7536E-5 3.36887E-5 1.11293E-4 5.54942E-5 4.06955E-5 4.59569E-5 4.81464E-6 8.21953E-7 2.45179E-7 3.47957E-7 2.43369E-7 3.332E-7 5.35845E-9 6.96269E-10 5.90339E-10 2.70566E-9 5.79246E-9 1.178E-8 7.74679E-9 1.89862E-8 3.97166E-9 1.20627E-8 1.12912E-8 1.8225E-8 2.902E-8 3.20889E-8 1.56968E-8 7.35199E-9 4.3226E-9 3.3058E-9
-9999 -9999 -9999 -9999 -9999 -9999 -9999 -9999 -9999 -9999 -9999 -9999 -9999 -9999 -9999 -9999 -9999 -9999 -9999 -9999 -9999 -9999 -9999 -9999 -9999 -9999 -9999 -9999 -9999 -9999 2.23441E-2 1.615E-1 2.07688E-2 3.68646E-3 9.45556E-4 3.50107E-4 1.22558E-4 2.25926E-5 2.2208E-5 3.65069E-5 1.48384E-4 1.48476E-4 1.27013E-4 2.07077E-4 1.23836E-4 1.29928E-4 3.40023E-5 2.30193E-5 5.29368E-5 3.75918E-5 7.26822E-5 1.55532E-5 2.6741E-6 9.3056E-7 2.48609E-7 1.59896E-7 2.60714E-7 9.88192E-8 2.48196E-8 1.89244E-9 8.65545E-10 1.98655E-9 1.2487E-9 1.39776E-9 2.38807E-9 6.41105E-9 7.77722E-9 1.25798E-8 1.04848E-8 1.91891E-8 2.36895E-8 1.66681E-8 1.47026E-8 8.67695E-9 4.9406E-9 3.81728E-9
-9999 -9999 -9999 -9999 -9999 -9999 -9999 -9999 -9999 -9999 -9999 -9999 -9999 -9999 -9999 -9999 -9999 -9999 -9999 -9999 -9999 -9999 -9999 -9999 -9999 -9999 -9999 -9999 -9999 -9999 -9999 3.44488E-2 2.40874E-2 7.02004E-3 9.88892E-4 6.04346E-4 1.34128E-4 1.3136E-4 1.49094E-4 3.60484E-5 3.76383E-5 1.52079E-4 2.04159E-4 1.39496E-4 1.01541E-4 9.7379E-5 1.25385E-4 5.07417E-5 1.96579E-5 4.73838E-5 9.06728E-6 5.52441E-6 1.42447E-6 3.0732E-7 6.16356E-7 3.47654E-7 1.73136E-7 1.79102E-7 5.95912E-9 3.41067E-9 3.0535E-9 1.18597E-9 1.0536E-9 4.74236E-9 4.99986E-9 1.13211E-8 4.24883E-8 3.08905E-8 1.75368E-8 1.68113E-8 2.23111E-8 1.39713E-8 1.17143E-8 1.00381E-8 7.83314E-9 8.06596E-9
-9999 -9999 -9999 -9999 -9999 -9999 -9999 -9999 -9999 -9999 -9999 -9999 -9999 -9999 -9999 -9999 -9999 -9999 -9999 -9999 -9999 -9999 -9999 -9999 -9999 -9999 -9999 -9999 -9999 -9999 4.56476E-2 1.41198E-1 1.76228E-2 8.35229E-3 1.39521E-3 4.12443E-4 4.33175E-4 7.63724E-5 3.90118E-5 5.48703E-5 5.45931E-5 5.08478E-5 1.42428E-4 1.89238E-4 7.24896E-5 1.05835E-4 1.61729E-4 1.09736E-4 5.23888E-5 3.88011E-5 3.53731E-6 1.18895E-6 1.24773E-6 6.18719E-7 6.19717E-7 1.34578E-7 3.14928E-7 1.31446E-7 8.09832E-9 1.84385E-9 2.81762E-9 6.99758E-10 1.37577E-9 1.07849E-9 4.9534E-9 8.67748E-9 1.23633E-8 1.32536E-8 3.6273E-8 4.62618E-8 3.84362E-8 2.08625E-8 2.28045E-8 1.35895E-8 1.03277E-8 7.50144E-9
-9999 -9999 -9999 -9999 -9999 -9999 -9999 -9999 -9999 -9999 -9999 -9999 -9999 -9999 -9999 -9999 -9999 -9999 -9999 -9999 -9999 -9999 -9999 -9999 -9999 -9999 -9999 -9999 -9999 -9999 4.29691E-2 1.25101E-1 5.09736E-2 1.7767E-2 4.49664E-3 1.83891E-3 3.63464E-4 3.52889E-4 3.50805E-5 5.07202E-5 7.17435E-5 4.37713E-5 6.05613E-5 1.65339E-4 1.09351E-4 1.30186E-4 9.26548E-5 1.82698E-4 2.99631E-5 1.53112E-5 6.79555E-6 2.12402E-6 1.03196E-6 8.99748E-7 1.0023E-6 3.54721E-7 1.07003E-7 3.59938E-8 4.16342E-9 1.49008E-9 2.06655E-9 1.2154E-9 6.0294E-10 1.03473E-9 5.32207E-9 9.66102E-9 1.12401E-8 5.89297E-8 1.05135E-7 2.44816E-8 4.32161E-8 3.89519E-8 2.99811E-8 2.19079E-8 1.832E-8 1.51558E-8
-9999 -9999 -9999 -9999 -9999 -9999 -9999 -9999 -9999 -9999 -9999 -9999 -9999 -9999 -9999 -9999 -9999 -9999 -9999 -9999 -9999 -9999 -9999 -9999 -9999 -9999 -9999 -9999 -9999 -9999 -9999 -9999 1.51772E-3 2.22942E-2 1.00498E-2 5.16261E-3 3.08055E-3 5.91098E-4 4.09404E-4 3.6962E-5 2.987E-5 7.18999E-5 4.5684E-5 8.75487E-5 1.62476E-4 1.6918E-4 2.6841E-5 6.35609E-5 1.87601E-5 7.37241E-6 4.9108E-6 1.03616E-6 2.39558E-6 1.44709E-6 5.26103E-7 3.12078E-7 2.28005E-7 1.37541E-7 5.97479E-9 1.15811E-9 1.49157E-9 1.31459E-9 4.06082E-9 2.02627E-9 6.93617E-9 1.22522E-8 3.20087E-8 1.56088E-8 8.85833E-8 9.05899E-8 5.24811E-8 3.72607E-8 3.5469E-8 2.15115E-8 1.75333E-8 1.03446E-8
-9999 -9999 -9999 -9999 -9999 -9999 -9999 -9999 -9999 -9999 -9999 -9999 -9999 -9999 -9999 -9999 -9999 -9999 -9999 -9999 -9999 -9999 -9999 -9999 -9999 -9999 -9999 -9999 -9999 -9999 -9999 -9999 -9999 -9999 -9999 9.72944E-3 3.95026E-3 2.11213E-3 1.28157E-3 2.11434E-4 1.373E-4 2.55849E-5 6.72523E-5 6.85924E-5 4.55955E-5 1.20982E-4 2.67624E-5 4.32082E-5 6.98429E-5 1.3006E-5 5.28082E-6 3.91096E-6 1.81172E-6 1.21489E-6 7.83071E-7 8.04453E-7 4.69747E-7 1.93415E-7 1.67221E-8 2.65567E-9 2.4892E-9 2.32036E-9 2.89509E-9 8.4315E-9 7.61554E-9 3.21876E-8 5.62404E-8 5.3118E-8 6.30612E-8 4.75652E-8 2.14936E-8 2.68627E-8 3.06255E-8 1.71904E-8 1.56241E-8 9.81719E-9
-9999 -9999 -9999 -9999 -9999 -9999 -9999 -9999 -9999 -9999 -9999 -9999 -9999 -9999 -9999 -9999 -9999 -9999 -9999 -9999 -9999 -9999 -9999 -9999 -9999 -9999 -9999 -9999 -9999 -9999 -9999 -9999 -9999 -9999 -9999 1.03901E-1 9.78815E-3 1.11632E-2 1.73906E-3 1.68021E-4 1.09936E-4 1.31684E-4 1.06283E-4 9.07201E-5 6.54668E-5 7.50425E-5 4.12568E-5 4.60235E-5 1.75564E-4 2.72031E-5 8.04815E-6 4.87844E-6 2.06764E-6 1.57587E-6 1.85866E-6 7.7383E-7 1.89432E-7 8.15392E-8 1.52083E-8 2.56833E-9 4.94028E-9 9.05126E-9 7.25858E-9 1.37683E-8 4.52244E-8 5.506E-8 7.55147E-8 5.32884E-8 5.54387E-8 5.24557E-8 3.78559E-8 1.86409E-8 2.43804E-8 1.65925E-8 1.53603E-8 6.27859E-9
-9999 -9999 -9999 -9999 -9999 -9999 -9999 -9999 -9999 -9999 -9999 -9999 -9999 -9999 -9999 -9999 -9999 -9999 -9999 -9999 -9999 -9999 -9999 -9999 -9999 -9999 -9999 -9999 -9999 -9999 -9999 -9999 -9999 -9999 -9999 -9999 2.1822E-2 1.77786E-2 6.83431E-3 8.60842E-4 3.02362E-4 1.00164E-4 9.86486E-5 3.86645E-5 2.81554E-5 1.22241E-4 1.28246E-4 2.25976E-4 1.71591E-4 2.74556E-5 1.38424E-5 5.36702E-6 3.88067E-6 3.16605E-6 9.42396E-7 1.54099E-6 5.05033E-7 2.14475E-7 2.59878E-8 2.74369E-9 3.90384E-9 1.37767E-8 1.40249E-8 5.98294E-8 1.27334E-7 1.31388E-7 4.34421E-8 1.15975E-7 1.27143E-7 3.25091E-8 9.65643E-8 4.01578E-8 1.0578E-8 1.00184E-8 1.17392E-8 8.54136E-9
-9999 -9999 -9999 -9999 -9999 -9999 -9999 -9999 -9999 -9999 -9999 -9999 -9999 -9999 -9999 -9999 -9999 -9999 -9999 -9999 -9999 -9999 -9999 -9999 -9999 -9999 -9999 -9999 -9999 -9999 -9999 -9999 -9999 -9999 -9999 -9999 2.32423E-1 1.0852E-1 2.94832E-2 2.87654E-3 3.59294E-4 5.1763E-4 1.55377E-4 7.08245E-5 1.57035E-4 1.8192E-4 3.11861E-4 2.5885E-4 2.90441E-4 2.13848E-5 1.66102E-5 6.91096E-6 8.12612E-6 6.62699E-6 1.52831E-6 1.51818E-6 3.51145E-7 3.10909E-7 4.20387E-8 1.29115E-8 8.15437E-9 5.33652E-8 3.44629E-8 1.94819E-7 3.92427E-7 3.03935E-7 9.86628E-8 9.36063E-8 7.91382E-8 4.11127E-8 2.11651E-8 2.73881E-8 2.76585E-8 7.44372E-9 1.12977E-8 8.43853E-9
-9999 -9999 -9999 -9999 -9999 -9999 -9999 -9999 -9999 -9999 -9999 -9999 -9999 -9999 -9999 -9999 -9999 -9999 -9999 -9999 -9999 -9999 -9999 -9999 -9999 -9999 -9999 -9999 -9999 -9999 -9999 -9999 -9999 -9999 -9999 -9999 -9999 8.78721E-2 6.77464E-2 8.09782E-3 8.7785E-4 3.24346E-4 2.83487E-4 1.47661E-4 2.46609E-4 2.94529E-4 1.74449E-4 1.87679E-4 2.52221E-4 7.72087E-5 1.8894E-5 2.2359E-5 1.51396E-5 1.19495E-5 4.28384E-6 1.61998E-6 1.16609E-6 1.58051E-7 7.13771E-8 2.19222E-8 4.78062E-8 6.78194E-8 2.17954E-7 2.94115E-7 5.13745E-7 4.67393E-7 2.02704E-7 2.20831E-7 1.02637E-7 4.55742E-8 2.04225E-8 4.80233E-8 2.3731E-8 1.3174E-8 5.50564E-9 6.38211E-9
-9999 -9999 -9999 -9999 -9999 -9999 -9999 -9999 -9999 -9999 -9999 -9999 -9999 -9999 -9999 -9999 -9999 -9999 -9999 -9999 -9999 -9999 -9999 -9999 -9999 -9999 -9999 -9999 -9999 -9999 -9999 -9999 -9999 -9999 -9999 -9999 -9999 9.49781E-2 1.03701E-1 2.33611E-2 2.30682E-3 4.79259E-4 3.50935E-4 9.65283E-5 2.58507E-4 5.06315E-4 1.98718E-4 2.01294E-4 1.3898E-4 3.54152E-5 3.42644E-5 2.82496E-5 2.20352E-5 5.70173E-6 4.39147E-6 9.35136E-7 1.05265E-6 1.34719E-7 1.31784E-7 2.43036E-8 7.30214E-8 1.35359E-7 2.71488E-7 3.8269E-7 5.41744E-7 4.86859E-7 1.17704E-7 2.15083E-7 1.00555E-7 2.69181E-8 2.75844E-8 4.73831E-8 2.25953E-8 3.7094E-8 1.42628E-8 3.94245E-9
-9999 -9999 -9999 -9999 -9999 -9999 -9999 -9999 -9999 -9999 -9999 -9999 -9999 -9999 -9999 -9999 -9999 -9999 -9999 -9999 -9999 -9999 -9999 -9999 -9999 -9999 -9999 -9999 -9999 -9999 -9999 -9999 -9999 -9999 -9999 -9999 -9999 1.23445E-1 8.81483E-2 2.93106E-2 3.7129E-3 1.23839E-3 1.44504E-4 1.60068E-4 2.86518E-4 2.38638E-4 8.97711E-5 1.16783E-4 1.51698E-4 6.84739E-5 5.33653E-5 1.09317E-5 8.88206E-6 6.84368E-6 3.35426E-6 2.94678E-6 1.0705E-6 1.26556E-7 2.29987E-7 4.42924E-8 1.57034E-7 2.48459E-7 2.90346E-7 6.12807E-7 3.8136E-7 2.47173E-7 1.1508E-7 1.97637E-7 1.20565E-7 7.0408E-8 4.12758E-8 7.01378E-8 4.70811E-8 2.02152E-8 2.03461E-8 8.03675E-9
-9999 -9999 -9999 -9999 -9999 -9999 -9999 -9999 -9999 -9999 -9999 -9999 -9999 -9999 -9999 -9999 -9999 -9999 -9999 -9999 -9999 -9999 -9999 -9999 -9999 -9999 -9999 -9999 -9999 -9999 -9999 -9999 -9999 -9999 -9999 -9999 -9999 -9999 1.40904E-1 5.13649E-2 3.68875E-3 3.61098E-3 7.93997E-4 3.77501E-4 1.83472E-4 1.46789E-4 1.02721E-4 1.09084E-4 2.65441E-4 1.52221E-4 8.41831E-5 3.51214E-5 1.83685E-5 1.33555E-5 3.7639E-6 3.14292E-6 1.70015E-6 3.4577E-7 3.03125E-7 4.61814E-8 1.41896E-7 2.93488E-7 1.55445E-7 2.1031E-7 3.18377E-7 3.40481E-7 1.81373E-7 1.40427E-7 7.47339E-8 6.77E-8 5.01238E-8 2.3261E-8 6.38049E-8 3.43831E-8 1.40981E-8 1.1526E-8
-9999 -9999 -9999 -9999 -9999 -9999 -9999 -9999 -9999 -9999 -9999 -9999 -9999 -9999 -9999 -9999 -9999 -9999 -9999 -9999 -9999 -9999 -9999 -9999 -9999 -9999 -9999 -9999 -9999 -9999 -9999 -9999 -9999 -9999 -9999 -9999 -9999 -9999 1.42472E-1 1.01945E-1 2.43463E-2 3.40514E-3 7.63349E-4 5.72568E-4 5.38551E-4 1.30078E-4 1.483E-4 1.97877E-4 8.16787E-5 7.85757E-5 5.64837E-5 3.60812E-5 3.38515E-5 2.21442E-5 3.41174E-6 3.81388E-6 1.44423E-6 6.76054E-7 1.8614E-7 3.51369E-7 4.38357E-7 3.86846E-7 5.93793E-7 2.33441E-7 2.51147E-7 2.48363E-7 4.7733E-7 1.46824E-7 1.51029E-7 1.27546E-7 9.39529E-8 2.46713E-8 3.23633E-8 2.01635E-8 1.82393E-8 3.68534E-9
-9999 -9999 -9999 -9999 -9999 -9999 -9999 -9999 -9999 -9999 -9999 -9999 -9999 -9999 -9999 -9999 -9999 -9999 -9999 -9999 -9999 -9999 -9999 -9999 -9999 -9999 -9999 -9999 -9999 -9999 -9999 -9999 -9999 -9999 -9999 -9999 -9999 -9999 5.75118E-2 1.83161E-1 2.60332E-2 2.12865E-3 1.15761E-3 9.99117E-4 3.02818E-4 3.63291E-4 1.99468E-4 1.21607E-4 6.1883E-5 5.90068E-5 7.70051E-5 4.45506E-5 2.63356E-5 2.37067E-5 5.77991E-6 4.72628E-6 1.92347E-6 1.02804E-6 6.72949E-7 2.91861E-7 4.41287E-7 5.10242E-7 4.69142E-7 6.48852E-7 4.90672E-7 5.65395E-7 3.95652E-7 2.6939E-7 8.73046E-8 8.41773E-8 4.58383E-8 2.68153E-8 2.29936E-8 1.86991E-8 7.61308E-9 7.94145E-9
-9999 -9999 -9999 -9999 -9999 -9999 -9999 -9999 -9999 -9999 -9999 -9999 -9999 -9999 -9999 -9999 -9999 -9999 -9999 -9999 -9999 -9999 -9999 -9999 -9999 -9999 -9999 -9999 -9999 -9999 -9999 -9999 -9999 -9999 -9999 -9999 -9999 -9999 7.10229E-2 3.23792E-1 2.10766E-2 4.56071E-3 1.323E-3 9.34203E-4 7.45192E-4 8.59091E-4 4.19938E-4 1.32796E-4 6.17125E-5 3.52303E-5 1.00324E-4 2.91835E-5 1.46778E-5 1.67888E-5 4.59916E-6 1.82937E-6 1.62592E-6 1.20716E-6 7.65503E-7 4.24702E-7 3.50583E-7 2.52805E-7 5.56429E-7 5.96079E-7 1.02826E-6 8.62376E-7 4.33576E-7 2.00903E-7 2.76403E-7 1.26608E-7 4.70947E-8 2.21817E-8 1.5513E-8 1.24633E-8 1.10606E-8 2.91351E-9
-9999 -9999 -9999 -9999 -9999 -9999 -9999 -9999 -9999 -9999 -9999 -9999 -9999 -9999 -9999 -9999 -9999 -9999 -9999 -9999 -9999 -9999 -9999 -9999 -9999 -9999 -9999 -9999 -9999 -9999 -9999 -9999 -9999 -9999 -9999 -9999 -9999 -9999 -9999 3.77251E-2 6.03318E-2 9.49718E-3 2.26329E-3 2.23132E-3 3.54649E-4 7.929E-4 3.65751E-4 2.90153E-4 1.73152E-4 7.46399E-5 1.17225E-4 5.49198E-5 1.80195E-5 1.27347E-5 4.80022E-6 3.06573E-6 1.53879E-6 1.37887E-6 1.09171E-6 2.09353E-7 4.54181E-7 2.8752E-7 2.22723E-7 7.59637E-7 7.99476E-7 9.22478E-7 3.90631E-7 2.20554E-7 2.04839E-7 1.34849E-7 3.58146E-8 2.98692E-8 2.05005E-8 9.78216E-9 8.622E-9 6.91261E-9
-9999 -9999 -9999 -9999 -9999 -9999 -9999 -9999 -9999 -9999 -9999 -9999 -9999 -9999 -9999 -9999 -9999 -9999 -9999 -9999 -9999 -9999 -9999 -9999 -9999 -9999 -9999 -9999 -9999 -9999 -9999 -9999 -9999 -9999 -9999 -9999 -9999 -9999 -9999 1.01062E-1 5.57395E-2 9.85903E-3 2.82077E-3 1.30512E-3 2.14604E-3 5.50816E-4 4.66572E-4 3.08208E-4 1.00448E-4 1.6662E-4 1.1955E-4 6.30897E-5 2.45547E-5 1.48535E-5 7.26744E-6 4.62097E-6 1.3724E-6 1.60606E-6 5.01553E-7 4.6488E-7 2.46246E-7 5.19848E-7 2.51118E-7 7.21209E-7 6.20193E-7 4.28443E-7 3.85611E-7 2.5384E-7 2.39744E-7 4.38932E-8 3.34471E-8 3.45902E-8 1.63191E-8 1.61828E-8 9.4071E-9 4.12347E-9
-9999 -9999 -9999 -9999 -9999 -9999 -9999 -9999 -9999 -9999 -9999 -9999 -9999 -9999 -9999 -9999 -9999 -9999 -9999 -9999 -9999 -9999 -9999 -9999 -9999 -9999 -9999 -9999 -9999 -9999 -9999 -9999 -9999 -9999 -9999 -9999 -9999 -9999 -9999 2.12414E-2 1.94525E-1 3.4334E-2 8.71617E-3 1.83495E-3 8.26281E-4 8.69559E-4 4.9566E-4 1.78409E-4 2.3555E-4 8.83126E-5 5.76114E-5 6.22809E-5 4.30146E-5 2.14997E-5 1.09334E-5 6.69877E-6 2.58585E-6 2.01987E-6 2.44736E-6 8.27834E-7 5.91844E-7 4.35267E-7 5.35259E-7 2.38819E-7 1.93903E-7 3.6778E-7 2.37351E-7 2.17752E-7 1.87261E-7 2.92093E-8 1.97696E-8 1.29538E-8 2.3528E-8 1.19948E-8 2.38766E-9 1.31904E-9
-9999 -9999 -9999 -9999 -9999 -9999 -9999 -9999 -9999 -9999 -9999 -9999 -9999 -9999 -9999 -9999 -9999 -9999 -9999 -9999 -9999 -9999 -9999 -9999 -9999 -9999 -9999 -9999 -9999 -9999 -9999 -9999 -9999 -9999 -9999 -9999 -9999 -9999 -9999 8.75328E-2 2.03772E-1 2.92964E-2 1.15952E-2 1.53536E-3 2.16152E-3 4.18312E-4 7.36003E-4 4.30289E-4 1.89361E-4 7.0181E-5 6.43322E-5 2.89463E-5 2.75089E-5 3.97786E-5 1.40593E-5 2.47519E-6 1.68241E-6 1.77386E-6 1.18394E-6 1.72382E-6 4.07357E-7 4.32282E-7 4.74444E-7 4.08029E-7 2.05905E-7 1.27053E-7 3.95187E-7 1.61801E-7 6.28073E-8 3.07439E-8 2.11132E-8 4.79681E-8 2.26126E-8 3.00487E-9 7.45483E-10 6.21634E-10
-9999 -9999 -9999 -9999 -9999 -9999 -9999 -9999 -9999 -9999 -9999 -9999 -9999 -9999 -9999 -9999 -9999 -9999 -9999 -9999 -9999 -9999 -9999 -9999 -9999 -9999 -9999 -9999 -9999 -9999 -9999 -9999 -9999 -9999 -9999 -9999 -9999 -9999 -9999 5.60892E-2 3.69655E-1 1.06151E-1 1.75936E-2 5.18118E-3 1.58311E-3 1.27972E-3 2.99939E-4 2.3227E-4 1.83631E-4 1.64965E-4 6.2784E-5 2.91679E-5 4.90001E-5 3.13138E-5 2.2526E-5 6.67815E-6 2.7663E-6 1.46002E-6 1.51232E-6 1.42017E-6 1.16303E-6 6.41395E-7 5.18405E-7 2.05427E-7 2.4266E-7 3.66325E-7 1.59741E-7 1.35479E-7 8.23059E-8 2.96322E-8 2.51347E-8 1.14247E-8 1.37555E-8 1.08009E-9 5.1138E-10 4.94205E-10
-9999 -9999 -9999 -9999 -9999 -9999 -9999 -9999 -9999 -9999 -9999 -9999 -9999 -9999 -9999 -9999 -9999 -9999 -9999 -9999 -9999 -9999 -9999 -9999 -9999 -9999 -9999 -9999 -9999 -9999 -9999 -9999 -9999 -9999 -9999 -9999 -9999 -9999 -9999 -9999 9.39331E-2 7.15963E-2 1.87157E-2 4.24705E-3 1.45401E-3 1.53938E-3 5.09058E-4 2.99487E-4 2.03137E-4 9.56123E-5 1.16295E-4 9.06259E-5 4.83378E-5 2.59268E-5 3.11495E-5 1.14702E-5 3.15158E-6 2.84105E-6 1.12205E-6 4.90846E-7 8.0479E-7 5.87575E-7 5.54495E-7 3.408E-7 1.77177E-7 2.48699E-7 1.79851E-7 1.41602E-7 1.01734E-7 3.31699E-8 2.51611E-8 3.56223E-8 1.72842E-8 1.84013E-9 7.23542E-10 7.09417E-10
-9999 -9999 -9999 -9999 -9999 -9999 -9999 -9999 -9999 -9999 -9999 -9999 -9999 -9999 -9999 -9999 -9999 -9999 -9999 -9999 -9999 -9999 -9999 -9999 -9999 -9999 -9999 -9999 -9999 -9999 -9999 -9999 -9999 -9999 -9999 -9999 -9999 -9999 -9999 -9999 3.90904E-2 3.68625E-2 4.27391E-2 8.86652E-3 2.23318E-3 9.84446E-4 5.93772E-4 1.48343E-4 1.62331E-4 2.78679E-4 2.03718E-4 1.22344E-4 1.41374E-4 1.34423E-4 2.89066E-5 8.5793E-6 3.57862E-6 1.56559E-6 1.19554E-6 7.56078E-7 8.8595E-7 5.75182E-7 5.70298E-7 3.87844E-7 1.61845E-7 1.44576E-7 6.16121E-8 9.99832E-8 7.70446E-8 2.78099E-8 1.77887E-8 3.40485E-8 1.62677E-8 2.00403E-9 6.80095E-10 6.85554E-10
-9999 -9999 -9999 -9999 -9999 -9999 -9999 -9999 -9999 -9999 -9999 -9999 -9999 -9999 -9999 -9999 -9999 -9999 -9999 -9999 -9999 -9999 -9999 -9999 -9999 -9999 -9999 -9999 -9999 -9999 -9999 -9999 -9999 -9999 -9999 -9999 -9999 -9999 -9999 -9999 1.22781E-1 8.99746E-2 6.35721E-2 1.26408E-2 2.2145E-3 1.73904E-3 7.93108E-4 5.33622E-4 6.20333E-4 3.04681E-4 3.31838E-4 1.92944E-4 2.11903E-4 1.85974E-4 1.73371E-4 2.2752E-5 4.76662E-6 2.83004E-6 8.30406E-7 6.12841E-7 3.93069E-7 5.34911E-7 5.83471E-7 2.47918E-7 9.37454E-8 1.71913E-7 9.71968E-8 6.80537E-8 1.24131E-7 3.53542E-8 1.84949E-8 3.67832E-8 2.61224E-9 1.44311E-9 6.91573E-10 1.07679E-9
-9999 -9999 -9999 -9999 -9999 -9999 -9999 -9999 -9999 -9999 -9999 -9999 -9999 -9999 -9999 -9999 -9999 -9999 -9999 -9999 -9999 -9999 -9999 -9999 -9999 -9999 -9999 -9999 -9999 -9999 -9999 -9999 -9999 -9999 -9999 -9999 -9999 -9999 -9999 -9999 -9999 6.18862E-3 -9999 1.66492E-1 3.87328E-2 5.69889E-3 1.44234E-3 6.27494E-4 4.99787E-4 2.94497E-4 3.91356E-4 5.6689E-4 1.06114E-4 6.13296E-5 8.13946E-5 1.28277E-5 1.22124E-5 1.74242E-6 1.11292E-6 5.90019E-7 5.44433E-7 5.16544E-7 3.9403E-7 3.26311E-7 8.14385E-8 1.24225E-7 9.35459E-8 7.7129E-8 6.93999E-8 2.70649E-8 1.66536E-8 5.00133E-8 1.4971E-9 7.32415E-10 8.10818E-10 1.19789E-9
-9999 -9999 -9999 -9999 -9999 -9999 -9999 -9999 -9999 -9999 -9999 -9999 -9999 -9999 -9999 -9999 -9999 -9999 -9999 -9999 -9999 -9999 -9999 -9999 -9999 -9999 -9999 -9999 -9999 -9999 -9999 -9999 -9999 -9999 -9999 -9999 -9999 -9999 -9999 -9999 -9999 -9999 -9999 5.08271E-2 3.03219E-1 1.36846E-1 1.33467E-2 1.33131E-3 4.89818E-4 1.60293E-4 1.82302E-4 5.44626E-4 2.79384E-4 1.19814E-4 5.3475E-5 1.12834E-5 1.02319E-5 2.65957E-6 8.92254E-7 6.24997E-7 8.8715E-7 5.69587E-7 4.72449E-7 2.34264E-7 7.26007E-8 1.13216E-7 9.83425E-8 8.44364E-8 5.91129E-8 5.08465E-8 1.52441E-8 1.50836E-8 1.24406E-9 7.33092E-10 1.06891E-9 1.13711E-9
-9999 -9999 -9999 -9999 -9999 -9999 -9999 -9999 -9999 -9999 -9999 -9999 -9999 -9999 -9999 -9999 -9999 -9999 -9999 -9999 -9999 -9999 -9999 -9999 -9999 -9999 -9999 -9999 -9999 -9999 -9999 -9999 -9999 -9999 -9999 -9999 -9999 -9999 -9999 -9999 -9999 -9999 -9999 4.25165E-2 1.96189E-1 2.36875E-1 2.10784E-2 6.5469E-3 1.22482E-3 4.95854E-4 1.07708E-3 1.23602E-4 2.18139E-4 1.65613E-4 1.40368E-4 3.55696E-5 6.16042E-6 2.9644E-6 9.33928E-7 2.15324E-6 8.2061E-7 2.10157E-7 4.66704E-7 3.05867E-7 1.43953E-7 6.7533E-8 1.26897E-7 9.09314E-8 6.29986E-8 4.90689E-8 1.2159E-8 4.63845E-9 1.03416E-9 9.10399E-10 1.13831E-9 9.57165E-10
-9999 -9999 -9999 -9999 -9999 -9999 -9999 -9999 -9999 -9999 -9999 -9999 -9999 -9999 -9999 -9999 -9999 -9999 -9999 -9999 -9999 -9999 -9999 -9999 -9999 -9999 -9999 -9999 -9999 -9999 -9999 -9999 -9999 -9999 -9999 -9999 -9999 -9999 -9999 -9999 -9999 -9999 -9999 6.80368E-3 2.06015E-1 2.05718E-1 1.35026E-1 1.4851E-2 2.1201E-3 9.60286E-4 5.80375E-4 1.99515E-4 1.25643E-4 1.52178E-4 8.37054E-5 1.03762E-4 7.54634E-6 3.24878E-6 1.52097E-6 1.00112E-6 1.28868E-6 7.95414E-7 5.09603E-7 3.47053E-7 2.55673E-7 1.6821E-7 4.49469E-8 1.03988E-7 7.41418E-8 1.84431E-8 1.6509E-8 1.28212E-8 1.28477E-9 9.25995E-10 8.83878E-10 7.0159E-10
