data/processed/Maxent_results1/MaxEnt_Output_crossvalidate_allpointsincluded/religiosa_1.asc
ncols         804
nrows         479
xllcorner     -160.716666666667
yllcorner     18.575
cellsize      0.008333333333
NODATA_value  -9999
[rows 340 to 373 of 479, columns 532 to 607 of 804]
-9999 -9999 -9999 -9999 -9999 -9999 -9999 -9999 -9999 -9999 -9999 -9999 -9999 -9999 -9999 -9999 -9999 -9999 -9999 -9999 -9999 -9999 -9999 -9999 -9999 -9999 -9999 1.90708E-1 3.01332E-1 4.1804E-2 9.92113E-3 1.2313E-2 7.4167E-4 3.85085E-4 1.91157E-4 5.62886E-5 2.75063E-5 5.38503E-5 3.7129E-5 3.98264E-5 3.59742E-5 3.85042E-5 1.83826E-5 1.37023E-5 1.16329E-5 5.49551E-6 1.01413E-5 8.33162E-6 1.89992E-5 7.56092E-6 3.47243E-6 6.08841E-6 2.86483E-6 1.22304E-6 7.48831E-7 1.5401E-6 1.71319E-6 9.95714E-7 1.08127E-6 4.53434E-7 4.10653E-7 3.43355E-7 3.07343E-7 9.09764E-7 4.74292E-7 1.92382E-7 6.48642E-7 6.21378E-8 1.05727E-7 2.27629E-7 1.61894E-7 5.83001E-8 5.03112E-8 4.23865E-8 3.48781E-8 2.25346E-8
-9999 -9999 -9999 -9999 -9999 -9999 -9999 -9999 -9999 -9999 -9999 -9999 -9999 -9999 -9999 -9999 -9999 -9999 -9999 -9999 -9999 -9999 -9999 -9999 -9999 -9999 -9999 3.29562E-2 1.96618E-1 4.07605E-2 3.01531E-2 7.29864E-3 9.09552E-4 4.89498E-4 2.62169E-4 5.81961E-5 3.91833E-5 4.2824E-5 2.27634E-5 4.3074E-5 3.00701E-5 3.78309E-5 1.84911E-5 8.15709E-6 1.68166E-5 9.3195E-6 1.27636E-5 2.65479E-5 2.30765E-5 1.13204E-5 8.53387E-6 4.88279E-6 2.27359E-6 1.28987E-6 5.9282E-7 8.94062E-7 5.03208E-7 3.74902E-7 3.70828E-7 3.10124E-7 2.29354E-7 2.84203E-7 1.63719E-7 1.07693E-7 6.43803E-8 1.1336E-7 2.19412E-7 1.7724E-7 7.93536E-8 8.47942E-8 1.76888E-7 4.74045E-8 1.99406E-8 1.38073E-8 2.4476E-8 1.33483E-8
-9999 -9999 -9999 -9999 -9999 -9999 -9999 -9999 -9999 -9999 -9999 -9999 -9999 -9999 -9999 -9999 -9999 -9999 -9999 -9999 -9999 -9999 -9999 -9999 -9999 -9999 -9999 -9999 1.92158E-1 2.42149E-1 2.08465E-2 7.4786E-3 1.25638E-3 7.3919E-4 3.27242E-4 7.04213E-5 6.78186E-5 5.10206E-5 1.63365E-5 5.02593E-5 3.83886E-5 4.02325E-5 4.30719E-5 1.1615E-5 3.12261E-5 1.00885E-5 5.33839E-6 8.57748E-6 1.03627E-5 9.37281E-6 1.26201E-5 1.99104E-6 5.97293E-7 2.53015E-7 2.15694E-7 3.04637E-7 3.16291E-7 3.86955E-7 2.27774E-7 1.52679E-7 1.3122E-7 8.06183E-8 1.65589E-7 2.84787E-8 1.99318E-8 5.63074E-8 7.9434E-8 8.31237E-8 4.3545E-8 3.94742E-8 3.31725E-8 3.67629E-8 1.69866E-8 1.2883E-8 2.22237E-8 4.70785E-9
-9999 -9999 -9999 -9999 -9999 -9999 -9999 -9999 -9999 -9999 -9999 -9999 -9999 -9999 -9999 -9999 -9999 -9999 -9999 -9999 -9999 -9999 -9999 -9999 -9999 -9999 -9999 -9999 1.36969E-1 1.77501E-1 7.53057E-2 1.86893E-2 3.04903E-3 9.90488E-4 6.45828E-4 1.30735E-4 3.71464E-5 3.08498E-5 4.3335E-5 4.84331E-5 4.32364E-5 6.3821E-5 7.33479E-5 4.97513E-5 5.86111E-5 1.47282E-5 1.81085E-5 4.25032E-5 3.22579E-5 5.20289E-5 1.54334E-5 5.09622E-6 1.36402E-6 3.14115E-7 1.89286E-7 3.23645E-7 1.27104E-7 1.16034E-7 2.39779E-7 7.27874E-8 7.71784E-9 8.1614E-9 5.21092E-9 1.76874E-8 8.80085E-9 2.29339E-8 5.94632E-8 5.35774E-8 4.29914E-8 3.45518E-8 3.12913E-8 3.46075E-8 5.99587E-9 7.68318E-9 1.05801E-8 5.97151E-9
-9999 -9999 -9999 -9999 -9999 -9999 -9999 -9999 -9999 -9999 -9999 -9999 -9999 -9999 -9999 -9999 -9999 -9999 -9999 -9999 -9999 -9999 -9999 -9999 -9999 -9999 -9999 -9999 8.43214E-3 1.45218E-1 5.17137E-1 3.6102E-2 3.79741E-3 1.98812E-3 1.35463E-3 2.45668E-4 8.62278E-5 5.60672E-5 2.10795E-5 5.60162E-5 5.44968E-5 9.58864E-5 1.4753E-4 8.01622E-5 3.70342E-5 1.17913E-5 2.14442E-5 1.09512E-4 5.36538E-5 1.84063E-5 1.75057E-5 7.02307E-6 6.92961E-7 4.56838E-7 4.36839E-7 3.98579E-7 3.35605E-7 9.63888E-8 1.18153E-7 4.50066E-10 7.69959E-10 2.58603E-9 4.07292E-9 3.70949E-9 7.15218E-9 1.56069E-8 2.43739E-9 1.35131E-8 2.51434E-8 1.37955E-8 2.22689E-8 1.0249E-8 1.12476E-8 5.75817E-9 2.8555E-9 2.69008E-9
-9999 -9999 -9999 -9999 -9999 -9999 -9999 -9999 -9999 -9999 -9999 -9999 -9999 -9999 -9999 -9999 -9999 -9999 -9999 -9999 -9999 -9999 -9999 -9999 -9999 -9999 -9999 -9999 -9999 -9999 1.66533E-1 3.75976E-2 7.0845E-3 2.98519E-3 1.03865E-3 4.9312E-4 7.27083E-5 5.11165E-5 2.61141E-5 6.74941E-5 7.1826E-5 1.05145E-4 1.05413E-4 8.08768E-5 6.68799E-5 3.50389E-5 3.00515E-5 1.68771E-5 4.35787E-5 4.16548E-5 2.72919E-5 3.18446E-5 4.54475E-6 7.87889E-7 2.20117E-7 2.97791E-7 2.54546E-7 3.21153E-7 4.09193E-9 6.14758E-10 4.56437E-10 2.17904E-9 5.12014E-9 1.11543E-8 4.41713E-9 2.13411E-8 3.13851E-9 8.41666E-9 8.30524E-9 1.54855E-8 2.4877E-8 2.78884E-8 1.65707E-8 8.67155E-9 5.24066E-9 3.4821E-9
-9999 -9999 -9999 -9999 -9999 -9999 -9999 -9999 -9999 -9999 -9999 -9999 -9999 -9999 -9999 -9999 -9999 -9999 -9999 -9999 -9999 -9999 -9999 -9999 -9999 -9999 -9999 -9999 -9999 -9999 2.08273E-2 2.04206E-1 1.96378E-2 2.96002E-3 9.58166E-4 3.80905E-4 1.4072E-4 3.38499E-5 3.46357E-5 3.20478E-5 1.20005E-4 1.22033E-4 1.17925E-4 1.59725E-4 8.71754E-5 4.57821E-5 2.95298E-5 1.45073E-5 2.13477E-5 1.87552E-5 5.99412E-5 1.41422E-5 1.15232E-6 3.88295E-7 2.12207E-7 1.39288E-7 2.30252E-7 9.57317E-8 1.25683E-8 1.84358E-9 7.62507E-10 1.66457E-9 1.12058E-9 1.42332E-9 2.48803E-9 4.63017E-9 6.43342E-9 8.50359E-9 6.94664E-9 1.47612E-8 2.11481E-8 1.47598E-8 1.45453E-8 9.11051E-9 4.55591E-9 3.85734E-9
-9999 -9999 -9999 -9999 -9999 -9999 -9999 -9999 -9999 -9999 -9999 -9999 -9999 -9999 -9999 -9999 -9999 -9999 -9999 -9999 -9999 -9999 -9999 -9999 -9999 -9999 -9999 -9999 -9999 -9999 -9999 3.75788E-2 3.36828E-2 7.86079E-3 1.12169E-3 7.27802E-4 1.88565E-4 1.14292E-4 1.12161E-4 3.52017E-5 3.14401E-5 1.26687E-4 1.53528E-4 1.42538E-4 7.14485E-5 5.38488E-5 4.11835E-5 4.85651E-5 1.269E-5 3.41362E-5 5.88961E-6 4.22496E-6 1.24028E-6 2.65536E-7 2.77242E-7 3.27006E-7 1.5857E-7 9.87417E-8 6.1104E-9 1.84615E-9 3.06754E-9 8.33275E-10 8.74821E-10 2.61943E-9 2.69566E-9 5.94632E-9 4.91186E-8 2.50422E-8 1.1441E-8 1.076E-8 1.65626E-8 1.1129E-8 1.1133E-8 1.07433E-8 1.0517E-8 1.07032E-8
-9999 -9999 -9999 -9999 -9999 -9999 -9999 -9999 -9999 -9999 -9999 -9999 -9999 -9999 -9999 -9999 -9999 -9999 -9999 -9999 -9999 -9999 -9999 -9999 -9999 -9999 -9999 -9999 -9999 -9999 6.47574E-2 1.33722E-1 2.75689E-2 9.6775E-3 2.14339E-3 6.26761E-4 4.76499E-4 1.06332E-4 5.24897E-5 5.19464E-5 4.62346E-5 4.07104E-5 1.09089E-4 1.35206E-4 5.97802E-5 7.08081E-5 6.2349E-5 3.59727E-5 4.01446E-5 3.7015E-5 2.60916E-6 1.01782E-6 1.06794E-6 5.31746E-7 6.03679E-7 1.27968E-7 3.10044E-7 1.32806E-7 5.21262E-9 1.18892E-9 1.37988E-9 6.48864E-10 9.55927E-10 1.03574E-9 2.63394E-9 4.43645E-9 1.17613E-8 1.29287E-8 2.51091E-8 3.29944E-8 3.12023E-8 1.66455E-8 2.06489E-8 1.24793E-8 1.06922E-8 1.10421E-8
-9999 -9999 -9999 -9999 -9999 -9999 -9999 -9999 -9999 -9999 -9999 -9999 -9999 -9999 -9999 -9999 -9999 -9999 -9999 -9999 -9999 -9999 -9999 -9999 -9999 -9999 -9999 -9999 -9999 -9999 5.60878E-2 1.18091E-1 6.1075E-2 1.62951E-2 4.56585E-3 1.98804E-3 6.4701E-4 3.70882E-4 5.19623E-5 5.33645E-5 6.10634E-5 3.81701E-5 5.13764E-5 1.28522E-4 6.67423E-5 7.09731E-5 4.45878E-5 6.84746E-5 1.50467E-5 1.23444E-5 8.15475E-6 1.7045E-6 9.05559E-7 8.51718E-7 1.00992E-6 3.97062E-7 9.52319E-8 3.97266E-8 3.23693E-9 1.07613E-9 1.50305E-9 9.00475E-10 4.55536E-10 9.78831E-10 6.0931E-9 5.2383E-9 1.03524E-8 5.35531E-8 8.55728E-8 1.7816E-8 3.74003E-8 4.06046E-8 3.24873E-8 2.32527E-8 2.03022E-8 1.17549E-8
-9999 -9999 -9999 -9999 -9999 -9999 -9999 -9999 -9999 -9999 -9999 -9999 -9999 -9999 -9999 -9999 -9999 -9999 -9999 -9999 -9999 -9999 -9999 -9999 -9999 -9999 -9999 -9999 -9999 -9999 -9999 -9999 1.37802E-3 2.11059E-2 9.52518E-3 4.90476E-3 2.83359E-3 7.03663E-4 5.53379E-4 5.02276E-5 4.37397E-5 5.81489E-5 4.05007E-5 7.55939E-5 1.10826E-4 9.8345E-5 1.97299E-5 3.32319E-5 1.40945E-5 6.50798E-6 3.89801E-6 9.80981E-7 1.95831E-6 1.46236E-6 5.08734E-7 3.21269E-7 2.50208E-7 7.77928E-8 3.55532E-9 9.53045E-10 1.42603E-9 1.01938E-9 2.30829E-9 1.97331E-9 3.76269E-9 6.8903E-9 1.64073E-8 1.50856E-8 7.61682E-8 6.86847E-8 4.22508E-8 3.79454E-8 3.77731E-8 2.52645E-8 2.02844E-8 1.40925E-8
-9999 -9999 -9999 -9999 -9999 -9999 -9999 -9999 -9999 -9999 -9999 -9999 -9999 -9999 -9999 -9999 -9999 -9999 -9999 -9999 -9999 -9999 -9999 -9999 -9999 -9999 -9999 -9999 -9999 -9999 -9999 -9999 -9999 -9999 -9999 1.02955E-2 4.6662E-3 2.87275E-3 1.1627E-3 2.83924E-4 1.11738E-4 3.43949E-5 5.83941E-5 6.48792E-5 3.6106E-5 6.72382E-5 2.56085E-5 3.80601E-5 3.52854E-5 8.85217E-6 3.36518E-6 3.7248E-6 1.89634E-6 9.22829E-7 7.36484E-7 8.83302E-7 5.46642E-7 1.12393E-7 9.48664E-9 1.3615E-9 1.39923E-9 1.8961E-9 2.60098E-9 7.33683E-9 7.41051E-9 1.74939E-8 2.91869E-8 5.94298E-8 4.72774E-8 3.2828E-8 1.72591E-8 3.1922E-8 3.38177E-8 1.84635E-8 1.71943E-8 1.01627E-8
-9999 -9999 -9999 -9999 -9999 -9999 -9999 -9999 -9999 -9999 -9999 -9999 -9999 -9999 -9999 -9999 -9999 -9999 -9999 -9999 -9999 -9999 -9999 -9999 -9999 -9999 -9999 -9999 -9999 -9999 -9999 -9999 -9999 -9999 -9999 1.21079E-1 1.31567E-2 1.67282E-2 2.62954E-3 2.74955E-4 1.45389E-4 1.15959E-4 1.11816E-4 8.64058E-5 5.29477E-5 7.12711E-5 4.27812E-5 4.05556E-5 6.88386E-5 1.36462E-5 5.28714E-6 4.63092E-6 1.90645E-6 1.29683E-6 2.06039E-6 4.64927E-7 1.83766E-7 7.99274E-8 9.18123E-9 1.54459E-9 2.82416E-9 5.23695E-9 6.5902E-9 1.30774E-8 2.48625E-8 2.66601E-8 3.8831E-8 4.41097E-8 5.19238E-8 4.27171E-8 2.72576E-8 1.84E-8 2.56316E-8 1.78786E-8 1.66876E-8 6.07072E-9
-9999 -9999 -9999 -9999 -9999 -9999 -9999 -9999 -9999 -9999 -9999 -9999 -9999 -9999 -9999 -9999 -9999 -9999 -9999 -9999 -9999 -9999 -9999 -9999 -9999 -9999 -9999 -9999 -9999 -9999 -9999 -9999 -9999 -9999 -9999 -9999 2.16316E-2 2.103E-2 1.00738E-2 1.1642E-3 3.01196E-4 1.33307E-4 1.04893E-4 5.1101E-5 4.05162E-5 9.77813E-5 9.87419E-5 9.39781E-5 7.18826E-5 2.11885E-5 1.24636E-5 4.93245E-6 3.71933E-6 3.11795E-6 9.28174E-7 1.83342E-6 2.94001E-7 2.10245E-7 1.80007E-8 2.2448E-9 3.32894E-9 1.26453E-8 1.31905E-8 3.49855E-8 6.64326E-8 6.93136E-8 4.194E-8 1.02784E-7 1.24616E-7 2.60401E-8 6.80385E-8 2.90624E-8 8.83883E-9 1.20999E-8 1.5842E-8 9.93878E-9
-9999 -9999 -9999 -9999 -9999 -9999 -9999 -9999 -9999 -9999 -9999 -9999 -9999 -9999 -9999 -9999 -9999 -9999 -9999 -9999 -9999 -9999 -9999 -9999 -9999 -9999 -9999 -9999 -9999 -9999 -9999 -9999 -9999 -9999 -9999 -9999 2.45246E-1 1.21471E-1 4.28408E-2 3.61406E-3 4.15629E-4 5.61732E-4 1.43148E-4 8.9659E-5 1.95639E-4 2.02466E-4 2.12771E-4 1.11108E-4 1.25875E-4 1.50664E-5 1.22348E-5 6.3762E-6 8.88466E-6 6.75549E-6 1.43946E-6 1.65524E-6 1.97381E-7 1.72227E-7 3.26753E-8 8.56403E-9 8.46522E-9 5.55125E-8 3.14342E-8 1.10753E-7 1.97266E-7 1.54665E-7 9.43239E-8 7.67909E-8 7.68463E-8 3.81444E-8 1.4327E-8 1.68168E-8 1.8261E-8 7.27519E-9 1.39476E-8 1.15897E-8
-9999 -9999 -9999 -9999 -9999 -9999 -9999 -9999 -9999 -9999 -9999 -9999 -9999 -9999 -9999 -9999 -9999 -9999 -9999 -9999 -9999 -9999 -9999 -9999 -9999 -9999 -9999 -9999 -9999 -9999 -9999 -9999 -9999 -9999 -9999 -9999 -9999 1.03873E-1 1.00823E-1 1.02775E-2 1.06861E-3 4.25542E-4 3.39772E-4 1.52866E-4 1.98755E-4 1.96596E-4 9.50295E-5 1.21658E-4 1.04106E-4 3.22886E-5 1.69441E-5 2.62892E-5 1.91276E-5 1.21814E-5 4.48808E-6 1.75393E-6 1.47269E-6 9.58583E-8 6.64963E-8 2.04449E-8 4.49806E-8 6.27846E-8 2.25861E-7 1.58233E-7 2.49872E-7 2.20555E-7 1.71139E-7 1.10207E-7 6.11448E-8 3.94494E-8 1.57885E-8 3.91478E-8 1.72376E-8 9.47719E-9 5.68361E-9 7.94395E-9
-9999 -9999 -9999 -9999 -9999 -9999 -9999 -9999 -9999 -9999 -9999 -9999 -9999 -9999 -9999 -9999 -9999 -9999 -9999 -9999 -9999 -9999 -9999 -9999 -9999 -9999 -9999 -9999 -9999 -9999 -9999 -9999 -9999 -9999 -9999 -9999 -9999 1.87656E-1 1.10089E-1 2.43817E-2 2.91082E-3 5.36754E-4 3.44055E-4 1.15315E-4 2.75526E-4 3.35733E-4 1.38105E-4 1.32416E-4 6.18333E-5 2.72698E-5 3.3634E-5 3.40298E-5 2.52024E-5 5.7887E-6 4.4353E-6 9.6159E-7 1.08009E-6 1.15228E-7 1.24616E-7 2.36842E-8 5.43696E-8 8.73552E-8 1.43828E-7 1.80393E-7 2.44713E-7 2.27568E-7 1.0556E-7 1.06316E-7 7.02602E-8 2.33414E-8 2.09393E-8 3.95304E-8 1.7502E-8 2.58519E-8 1.13661E-8 4.29363E-9
-9999 -9999 -9999 -9999 -9999 -9999 -9999 -9999 -9999 -9999 -9999 -9999 -9999 -9999 -9999 -9999 -9999 -9999 -9999 -9999 -9999 -9999 -9999 -9999 -9999 -9999 -9999 -9999 -9999 -9999 -9999 -9999 -9999 -9999 -9999 -9999 -9999 1.77727E-1 1.47708E-1 4.18209E-2 4.72724E-3 1.30724E-3 2.12032E-4 1.98983E-4 2.62079E-4 2.06106E-4 8.23731E-5 6.64255E-5 8.54977E-5 4.01176E-5 5.33696E-5 9.92741E-6 8.51794E-6 6.53163E-6 3.3219E-6 3.96153E-6 1.04255E-6 1.19637E-7 1.3237E-7 4.07435E-8 8.60826E-8 1.45877E-7 1.68678E-7 2.90666E-7 3.10863E-7 1.56918E-7 8.4768E-8 9.98018E-8 6.69546E-8 6.28338E-8 2.75037E-8 6.91204E-8 3.79704E-8 1.73263E-8 1.79341E-8 6.42848E-9
-9999 -9999 -9999 -9999 -9999 -9999 -9999 -9999 -9999 -9999 -9999 -9999 -9999 -9999 -9999 -9999 -9999 -9999 -9999 -9999 -9999 -9999 -9999 -9999 -9999 -9999 -9999 -9999 -9999 -9999 -9999 -9999 -9999 -9999 -9999 -9999 -9999 -9999 1.94564E-1 5.61766E-2 5.58009E-3 2.74129E-3 6.38108E-4 4.2119E-4 2.33507E-4 1.94388E-4 7.9389E-5 6.95397E-5 1.26693E-4 6.46E-5 8.01959E-5 3.54683E-5 2.46851E-5 1.40463E-5 4.03826E-6 3.46598E-6 1.96426E-6 2.98733E-7 2.95707E-7 5.00515E-8 9.32919E-8 1.4234E-7 1.41489E-7 1.72868E-7 2.80141E-7 2.04397E-7 1.33814E-7 1.10165E-7 5.90223E-8 5.43388E-8 4.26608E-8 2.03913E-8 5.79929E-8 3.16347E-8 9.73209E-9 8.3877E-9
-9999 -9999 -9999 -9999 -9999 -9999 -9999 -9999 -9999 -9999 -9999 -9999 -9999 -9999 -9999 -9999 -9999 -9999 -9999 -9999 -9999 -9999 -9999 -9999 -9999 -9999 -9999 -9999 -9999 -9999 -9999 -9999 -9999 -9999 -9999 -9999 -9999 -9999 1.84603E-1 1.1226E-1 2.27308E-2 4.07474E-3 8.43949E-4 6.24003E-4 7.30219E-4 1.24322E-4 1.49538E-4 2.22901E-4 6.26173E-5 6.77223E-5 5.04202E-5 3.98312E-5 3.85296E-5 2.49108E-5 3.33387E-6 4.44617E-6 1.63941E-6 6.72118E-7 1.64583E-7 1.82125E-7 1.91809E-7 1.82788E-7 2.3912E-7 1.98197E-7 2.18785E-7 1.90288E-7 1.69443E-7 1.08347E-7 1.21348E-7 1.20647E-7 9.0666E-8 2.03023E-8 2.89041E-8 1.9546E-8 1.67936E-8 2.80416E-9
-9999 -9999 -9999 -9999 -9999 -9999 -9999 -9999 -9999 -9999 -9999 -9999 -9999 -9999 -9999 -9999 -9999 -9999 -9999 -9999 -9999 -9999 -9999 -9999 -9999 -9999 -9999 -9999 -9999 -9999 -9999 -9999 -9999 -9999 -9999 -9999 -9999 -9999 7.77582E-2 1.69221E-1 2.90915E-2 2.84193E-3 1.30174E-3 7.40273E-4 3.83367E-4 4.52523E-4 2.36233E-4 1.39598E-4 4.89794E-5 4.36198E-5 7.633E-5 4.56989E-5 3.36327E-5 2.80722E-5 6.20956E-6 5.25992E-6 2.24667E-6 1.12419E-6 8.97267E-7 1.62538E-7 1.86799E-7 2.60848E-7 2.39223E-7 2.8328E-7 3.01895E-7 3.01466E-7 1.57624E-7 1.0038E-7 7.17587E-8 7.06775E-8 3.97914E-8 2.39822E-8 1.97834E-8 1.64297E-8 6.77063E-9 6.50612E-9
-9999 -9999 -9999 -9999 -9999 -9999 -9999 -9999 -9999 -9999 -9999 -9999 -9999 -9999 -9999 -9999 -9999 -9999 -9999 -9999 -9999 -9999 -9999 -9999 -9999 -9999 -9999 -9999 -9999 -9999 -9999 -9999 -9999 -9999 -9999 -9999 -9999 -9999 5.95072E-2 4.04296E-1 3.32749E-2 6.80537E-3 1.51764E-3 1.03084E-3 5.65922E-4 1.15582E-3 5.39262E-4 1.53459E-4 6.7135E-5 2.96634E-5 1.03776E-4 3.71701E-5 2.00676E-5 2.20405E-5 4.23133E-6 1.78161E-6 1.76519E-6 1.44119E-6 9.63248E-7 2.34346E-7 1.84613E-7 1.82751E-7 2.76495E-7 2.64311E-7 3.75606E-7 3.17952E-7 1.6806E-7 7.58683E-8 9.84867E-8 9.89648E-8 3.43785E-8 1.78928E-8 1.21818E-8 1.06898E-8 9.48774E-9 1.96096E-9
-9999 -9999 -9999 -9999 -9999 -9999 -9999 -9999 -9999 -9999 -9999 -9999 -9999 -9999 -9999 -9999 -9999 -9999 -9999 -9999 -9999 -9999 -9999 -9999 -9999 -9999 -9999 -9999 -9999 -9999 -9999 -9999 -9999 -9999 -9999 -9999 -9999 -9999 -9999 5.40947E-2 8.76486E-2 9.896E-3 2.6015E-3 2.65745E-3 4.46062E-4 6.01953E-4 3.76093E-4 2.76445E-4 1.73947E-4 6.24731E-5 1.19937E-4 6.44646E-5 2.42959E-5 1.52387E-5 4.91994E-6 2.81922E-6 1.57106E-6 1.60797E-6 1.044E-6 1.95111E-7 2.41222E-7 2.28895E-7 1.77087E-7 2.94059E-7 3.29672E-7 2.7082E-7 1.41261E-7 8.39762E-8 7.01377E-8 1.28282E-7 3.07755E-8 2.43949E-8 1.67051E-8 8.10872E-9 6.46143E-9 4.83303E-9
-9999 -9999 -9999 -9999 -9999 -9999 -9999 -9999 -9999 -9999 -9999 -9999 -9999 -9999 -9999 -9999 -9999 -9999 -9999 -9999 -9999 -9999 -9999 -9999 -9999 -9999 -9999 -9999 -9999 -9999 -9999 -9999 -9999 -9999 -9999 -9999 -9999 -9999 -9999 1.29314E-1 9.01295E-2 1.46158E-2 4.36218E-3 1.7405E-3 1.65347E-3 7.01317E-4 5.26317E-4 3.23294E-4 1.22216E-4 1.92858E-4 1.41859E-4 6.70971E-5 3.47195E-5 2.17777E-5 9.97874E-6 4.67302E-6 1.3684E-6 1.81507E-6 4.25221E-7 2.457E-7 1.75797E-7 2.73896E-7 1.8642E-7 3.31325E-7 2.69208E-7 1.69673E-7 1.3025E-7 8.42472E-8 6.59741E-8 3.11083E-8 2.48234E-8 2.60134E-8 1.16318E-8 1.21202E-8 7.16233E-9 2.58694E-9
-9999 -9999 -9999 -9999 -9999 -9999 -9999 -9999 -9999 -9999 -9999 -9999 -9999 -9999 -9999 -9999 -9999 -9999 -9999 -9999 -9999 -9999 -9999 -9999 -9999 -9999 -9999 -9999 -9999 -9999 -9999 -9999 -9999 -9999 -9999 -9999 -9999 -9999 -9999 2.20233E-2 1.80504E-1 3.66422E-2 7.44225E-3 1.96807E-3 1.06461E-3 7.6612E-4 6.16769E-4 1.97268E-4 2.34725E-4 7.88705E-5 5.61663E-5 6.40466E-5 4.47588E-5 2.80269E-5 1.34755E-5 8.41632E-6 2.66425E-6 2.13689E-6 3.51348E-6 4.00963E-7 2.82373E-7 2.1775E-7 2.45202E-7 1.68453E-7 1.62608E-7 1.42016E-7 9.67002E-8 7.24301E-8 5.52143E-8 2.31236E-8 1.46153E-8 1.02862E-8 2.07411E-8 9.78137E-9 1.86343E-9 8.63888E-10
-9999 -9999 -9999 -9999 -9999 -9999 -9999 -9999 -9999 -9999 -9999 -9999 -9999 -9999 -9999 -9999 -9999 -9999 -9999 -9999 -9999 -9999 -9999 -9999 -9999 -9999 -9999 -9999 -9999 -9999 -9999 -9999 -9999 -9999 -9999 -9999 -9999 -9999 -9999 1.01807E-1 1.79965E-1 3.79433E-2 1.42014E-2 2.05934E-3 2.6474E-3 6.4504E-4 8.38955E-4 5.10816E-4 2.69088E-4 9.09239E-5 8.61283E-5 3.51449E-5 3.4735E-5 4.02693E-5 1.66629E-5 2.40435E-6 1.64634E-6 1.84487E-6 1.36096E-6 1.66634E-6 2.88833E-7 2.77331E-7 2.40813E-7 2.13506E-7 1.61839E-7 1.058E-7 1.27493E-7 5.62959E-8 3.36357E-8 2.11908E-8 1.32601E-8 4.64405E-8 1.7341E-8 2.10509E-9 6.45822E-10 4.68916E-10
-9999 -9999 -9999 -9999 -9999 -9999 -9999 -9999 -9999 -9999 -9999 -9999 -9999 -9999 -9999 -9999 -9999 -9999 -9999 -9999 -9999 -9999 -9999 -9999 -9999 -9999 -9999 -9999 -9999 -9999 -9999 -9999 -9999 -9999 -9999 -9999 -9999 -9999 -9999 5.98341E-2 4.34058E-1 1.29567E-1 1.76031E-2 5.22411E-3 2.0069E-3 1.27796E-3 3.82816E-4 2.80229E-4 2.05577E-4 1.99567E-4 8.0864E-5 3.40594E-5 3.09719E-5 3.0038E-5 2.42705E-5 7.21044E-6 2.83957E-6 1.46334E-6 1.59389E-6 1.54078E-6 1.1031E-6 3.0721E-7 2.41539E-7 1.54952E-7 1.44099E-7 1.50697E-7 7.52516E-8 4.83963E-8 3.42386E-8 1.94583E-8 1.38271E-8 8.31121E-9 1.11308E-8 6.62818E-10 3.593E-10 3.9568E-10
-9999 -9999 -9999 -9999 -9999 -9999 -9999 -9999 -9999 -9999 -9999 -9999 -9999 -9999 -9999 -9999 -9999 -9999 -9999 -9999 -9999 -9999 -9999 -9999 -9999 -9999 -9999 -9999 -9999 -9999 -9999 -9999 -9999 -9999 -9999 -9999 -9999 -9999 -9999 -9999 1.30509E-1 1.26953E-1 2.10056E-2 5.81666E-3 1.90834E-3 1.33766E-3 4.56454E-4 3.85701E-4 3.02587E-4 1.30874E-4 1.38593E-4 9.15305E-5 3.59677E-5 1.98028E-5 3.29867E-5 1.04921E-5 3.11781E-6 3.07375E-6 1.13374E-6 4.46096E-7 1.06687E-6 5.19756E-7 2.42252E-7 1.70374E-7 1.16678E-7 1.00752E-7 7.27994E-8 4.56607E-8 3.26956E-8 2.32312E-8 1.90065E-8 3.25382E-8 1.28156E-8 1.09339E-9 4.25706E-10 6.59367E-10
-9999 -9999 -9999 -9999 -9999 -9999 -9999 -9999 -9999 -9999 -9999 -9999 -9999 -9999 -9999 -9999 -9999 -9999 -9999 -9999 -9999 -9999 -9999 -9999 -9999 -9999 -9999 -9999 -9999 -9999 -9999 -9999 -9999 -9999 -9999 -9999 -9999 -9999 -9999 -9999 3.46206E-2 6.38149E-2 4.79236E-2 8.32948E-3 3.09241E-3 1.27698E-3 6.51493E-4 2.32236E-4 2.16574E-4 3.10074E-4 2.29272E-4 1.09785E-4 1.13613E-4 1.09266E-4 2.32675E-5 6.20255E-6 3.17067E-6 1.52337E-6 1.21272E-6 7.43791E-7 1.01403E-6 4.84981E-7 2.65123E-7 1.68883E-7 1.20829E-7 7.28246E-8 4.26813E-8 4.43957E-8 2.54431E-8 1.89811E-8 1.50678E-8 3.06418E-8 1.12942E-8 1.4045E-9 5.22024E-10 4.09755E-10
-9999 -9999 -9999 -9999 -9999 -9999 -9999 -9999 -9999 -9999 -9999 -9999 -9999 -9999 -9999 -9999 -9999 -9999 -9999 -9999 -9999 -9999 -9999 -9999 -9999 -9999 -9999 -9999 -9999 -9999 -9999 -9999 -9999 -9999 -9999 -9999 -9999 -9999 -9999 -9999 1.19437E-1 1.14944E-1 9.54383E-2 2.22302E-2 2.8907E-3 1.78246E-3 9.73559E-4 4.88443E-4 8.55587E-4 3.29994E-4 3.51193E-4 1.95197E-4 1.56363E-4 9.12597E-5 1.47777E-4 2.54655E-5 4.07447E-6 2.60481E-6 7.77116E-7 5.50259E-7 3.36271E-7 6.82857E-7 2.39572E-7 1.18953E-7 7.53688E-8 7.78066E-8 4.71001E-8 3.19114E-8 3.1754E-8 2.90972E-8 1.38263E-8 3.39202E-8 1.69208E-9 7.90268E-10 5.12786E-10 9.76383E-10
-9999 -9999 -9999 -9999 -9999 -9999 -9999 -9999 -9999 -9999 -9999 -9999 -9999 -9999 -9999 -9999 -9999 -9999 -9999 -9999 -9999 -9999 -9999 -9999 -9999 -9999 -9999 -9999 -9999 -9999 -9999 -9999 -9999 -9999 -9999 -9999 -9999 -9999 -9999 -9999 -9999 4.4085E-3 -9999 2.30872E-1 5.09069E-2 7.52051E-3 1.71645E-3 8.66169E-4 6.9839E-4 3.79662E-4 4.12834E-4 6.03382E-4 8.3235E-5 5.62718E-5 6.24406E-5 1.23537E-5 1.24529E-5 1.54105E-6 1.07321E-6 5.52565E-7 5.39147E-7 6.61246E-7 1.78839E-7 1.52181E-7 6.42544E-8 5.96233E-8 4.74766E-8 3.21087E-8 2.31999E-8 1.39141E-8 1.24451E-8 5.08511E-8 1.02782E-9 5.51152E-10 6.24813E-10 9.23645E-10
-9999 -9999 -9999 -9999 -9999 -9999 -9999 -9999 -9999 -9999 -9999 -9999 -9999 -9999 -9999 -9999 -9999 -9999 -9999 -9999 -9999 -9999 -9999 -9999 -9999 -9999 -9999 -9999 -9999 -9999 -9999 -9999 -9999 -9999 -9999 -9999 -9999 -9999 -9999 -9999 -9999 -9999 -9999 6.17455E-2 3.0125E-1 1.43597E-1 1.45492E-2 1.38848E-3 7.83097E-4 2.05975E-4 2.33971E-4 4.94677E-4 2.823E-4 1.05835E-4 3.95204E-5 1.06296E-5 5.57637E-6 2.45267E-6 7.94344E-7 5.64268E-7 1.0018E-6 6.67808E-7 1.86947E-7 1.03355E-7 5.93995E-8 5.37063E-8 4.38507E-8 2.91513E-8 2.06894E-8 1.88281E-8 1.07426E-8 1.36559E-8 7.6663E-10 6.16173E-10 8.77525E-10 7.18382E-10
-9999 -9999 -9999 -9999 -9999 -9999 -9999 -9999 -9999 -9999 -9999 -9999 -9999 -9999 -9999 -9999 -9999 -9999 -9999 -9999 -9999 -9999 -9999 -9999 -9999 -9999 -9999 -9999 -9999 -9999 -9999 -9999 -9999 -9999 -9999 -9999 -9999 -9999 -9999 -9999 -9999 -9999 -9999 4.76692E-2 2.18482E-1 2.47061E-1 3.56553E-2 7.19847E-3 1.40801E-3 5.49417E-4 6.99118E-4 1.58196E-4 2.11023E-4 1.79577E-4 1.13852E-4 2.53194E-5 5.46313E-6 2.47415E-6 8.11962E-7 2.02123E-6 1.00894E-6 1.80574E-7 1.89324E-7 1.32938E-7 8.26441E-8 4.68722E-8 4.88383E-8 2.99659E-8 1.99123E-8 1.52743E-8 8.78842E-9 3.12015E-9 7.5942E-10 6.27708E-10 8.89773E-10 6.63481E-10
-9999 -9999 -9999 -9999 -9999 -9999 -9999 -9999 -9999 -9999 -9999 -9999 -9999 -9999 -9999 -9999 -9999 -9999 -9999 -9999 -9999 -9999 -9999 -9999 -9999 -9999 -9999 -9999 -9999 -9999 -9999 -9999 -9999 -9999 -9999 -9999 -9999 -9999 -9999 -9999 -9999 -9999 -9999 7.53307E-3 1.64318E-1 2.22675E-1 1.50024E-1 1.99368E-2 2.75982E-3 8.85058E-4 4.70783E-4 2.78774E-4 1.09033E-4 1.55702E-4 8.50281E-5 7.35256E-5 6.23481E-6 2.39E-6 1.3572E-6 8.71739E-7 1.4231E-6 8.07957E-7 2.07433E-7 1.46591E-7 1.08498E-7 6.7925E-8 3.18759E-8 3.3516E-8 2.21748E-8 1.2906E-8 1.14616E-8 9.38549E-9 9.63435E-10 6.74025E-10 6.79805E-10 4.6957E-10
