data/raw/Env_Layers/Clipped_elev.asc
ncols        804
nrows        479
xllcorner    -160.716666666667
yllcorner    18.575000000000
cellsize     0.008333333333
NODATA_value -9999
[rows 340 to 373 of 479, columns 616 to 692 of 804]
1807 1821 1849 1882 1905 1928 1943 1965 1998 2033 2084 2142 2178 2220 2274 2357 2354 2310 2260 2216 2167 2120 2067 1995 1900 1804 1713 1632 1579 1524 1487 1439 1400 1352 1315 1265 1216 1164 1114 1067 1018 974 908 855 812 765 719 665 616 561 480 418 368 317 263 219 167 110 53 10 -9999 -9999 -9999 7 9 9 10 12 12 11 -9999 -9999 -9999 -9999 -9999 -9999 -9999
1821 1829 1857 1882 1911 1934 1949 1959 1986 2026 2065 2101 2118 2139 2194 2261 2226 2180 2174 2097 2039 1988 1946 1893 1811 1734 1661 1594 1529 1485 1448 1407 1364 1324 1276 1226 1176 1128 1072 1022 972 934 879 827 787 735 689 639 594 534 452 390 334 293 239 194 148 98 58 22 8 8 9 10 12 13 15 16 15 15 11 -9999 -9999 -9999 -9999 -9999 -9999
1834 1849 1869 1895 1926 1941 1950 1971 1990 2010 2062 2071 2083 2085 2121 2149 2145 2139 2078 2030 1973 1911 1859 1810 1752 1686 1625 1558 1506 1482 1453 1395 1337 1297 1255 1215 1164 1118 1060 1006 961 912 871 825 780 729 679 623 566 519 465 385 330 286 242 195 148 114 79 39 16 10 12 19 20 19 22 21 21 18 14 -9999 -9999 -9999 -9999 -9999 -9999
1855 1873 1890 1905 1931 1950 1964 1980 1996 2005 2031 2062 2043 2052 2060 2069 2058 2062 2006 1964 1913 1870 1819 1763 1704 1656 1611 1564 1532 1487 1435 1392 1342 1299 1258 1217 1160 1115 1061 1009 957 902 868 815 765 718 670 624 570 510 450 400 350 297 254 223 159 122 104 68 32 18 19 28 29 30 25 22 22 19 15 10 -9999 -9999 -9999 -9999 -9999
1878 1892 1905 1920 1936 1959 1981 1996 2005 2012 2021 2022 2015 2023 2025 2012 1997 1990 1961 1928 1885 1853 1821 1763 1709 1656 1607 1561 1527 1497 1451 1411 1369 1318 1276 1223 1174 1125 1080 1018 962 910 865 808 761 719 686 639 569 513 460 411 359 309 254 218 169 134 116 90 55 34 30 37 35 30 31 25 23 19 17 12 -9999 -9999 -9999 -9999 -9999
1904 1923 1927 1930 1946 1969 1988 2005 2015 2019 2022 2019 2012 2011 2002 1984 1967 1949 1927 1903 1875 1848 1821 1781 1722 1669 1623 1592 1562 1520 1470 1422 1379 1339 1278 1236 1193 1137 1093 1039 976 927 869 816 775 727 687 648 577 522 472 420 363 328 281 230 175 151 132 119 80 55 37 45 41 38 36 31 24 20 16 13 6 -9999 -9999 -9999 -9999
1937 1951 1950 1948 1961 1978 1996 2014 2029 2030 2027 2026 2016 2013 2004 1987 1972 1954 1934 1911 1876 1843 1809 1775 1726 1692 1658 1622 1579 1541 1492 1442 1387 1341 1299 1251 1196 1141 1083 1034 977 928 872 830 788 738 701 653 592 537 487 435 381 344 306 251 202 173 151 131 99 72 55 52 47 47 39 34 26 24 18 14 -9999 -9999 -9999 -9999 -9999
1965 1976 1972 1974 1983 1995 2012 2027 2039 2040 2034 2036 2030 2026 2012 1998 1980 1963 1939 1910 1869 1834 1800 1765 1736 1714 1671 1628 1592 1562 1510 1450 1398 1357 1311 1261 1202 1149 1092 1029 981 926 879 837 791 753 707 657 600 563 513 464 408 368 314 250 215 191 169 144 114 85 74 65 55 53 42 37 36 30 23 13 -9999 -9999 -9999 -9999 -9999
2004 2006 2011 2003 2006 2022 2037 2049 2055 2060 2053 2056 2049 2047 2032 2015 2000 1977 1945 1917 1889 1848 1812 1775 1750 1717 1686 1656 1615 1565 1516 1469 1421 1372 1322 1269 1214 1172 1116 1053 999 936 891 851 797 750 704 657 615 572 538 494 434 386 318 257 226 204 176 157 130 105 89 74 66 64 50 45 37 31 22 14 -9999 -9999 -9999 -9999 -9999
2046 2034 2038 2037 2041 2058 2070 2082 2085 2083 2079 2077 2072 2072 2056 2037 2019 1994 1965 1940 1905 1876 1837 1801 1767 1731 1709 1682 1634 1579 1528 1477 1436 1388 1329 1276 1225 1180 1132 1074 1019 952 899 865 821 766 720 677 627 586 551 514 454 387 334 293 266 235 199 175 154 130 106 87 71 64 59 53 39 32 26 16 -9999 -9999 -9999 -9999 -9999
2086 2077 2071 2077 2092 2103 2106 2117 2127 2120 2112 2105 2103 2095 2082 2056 2034 2011 1980 1959 1932 1899 1862 1830 1794 1757 1732 1700 1653 1605 1549 1506 1461 1399 1336 1296 1251 1190 1140 1082 1030 967 910 871 832 781 735 688 638 597 556 507 461 414 368 323 293 259 228 201 185 164 137 110 87 72 65 59 40 29 27 22 -9999 -9999 -9999 -9999 -9999
2135 2136 2136 2157 2164 2169 2163 2171 2172 2166 2162 2145 2141 2127 2106 2074 2049 2026 1997 1978 1949 1916 1883 1846 1810 1774 1744 1710 1668 1620 1571 1516 1473 1413 1357 1318 1263 1206 1160 1103 1041 985 934 895 849 798 749 707 653 603 561 526 482 439 378 343 315 287 263 237 210 184 154 125 104 81 62 45 40 34 25 21 -9999 -9999 -9999 -9999 -9999
2187 2208 2225 2239 2237 2243 2243 2243 2225 2219 2218 2206 2190 2176 2150 2119 2090 2051 2018 1988 1959 1929 1907 1872 1841 1797 1759 1722 1682 1638 1596 1548 1495 1427 1375 1334 1285 1231 1182 1121 1064 1007 950 897 845 803 766 727 671 624 580 544 509 464 409 365 344 313 279 259 242 193 161 137 116 89 68 50 51 44 33 22 15 9 -9999 -9999 -9999
2262 2292 2307 2317 2311 2319 2326 2319 2288 2284 2277 2266 2256 2238 2208 2185 2149 2106 2073 2034 1999 1965 1933 1904 1859 1824 1789 1754 1713 1668 1619 1568 1515 1454 1401 1349 1300 1253 1207 1144 1088 1032 968 911 863 816 773 730 681 637 603 568 525 477 429 397 373 334 303 270 234 206 179 158 136 106 83 65 58 47 34 27 23 20 18 14 6
2349 2378 2372 2383 2393 2400 2409 2409 2382 2352 2348 2336 2330 2311 2282 2256 2215 2172 2128 2087 2046 2012 1974 1932 1893 1859 1816 1788 1739 1688 1642 1584 1534 1481 1424 1368 1314 1275 1231 1165 1105 1042 989 930 880 833 786 733 687 649 621 589 546 500 456 424 396 354 318 278 248 220 195 183 159 122 96 75 68 53 41 35 34 29 29 20 -9999
2430 2457 2463 2475 2496 2492 2489 2486 2483 2444 2439 2430 2406 2381 2364 2328 2288 2234 2192 2148 2108 2062 2022 1976 1932 1882 1849 1816 1767 1713 1658 1607 1562 1508 1453 1400 1347 1296 1240 1167 1117 1062 1007 950 897 841 798 745 707 663 630 592 549 511 482 449 411 375 342 298 263 235 209 192 166 133 113 98 75 53 46 41 40 37 31 23 9
2529 2537 2556 2574 2585 2582 2580 2576 2572 2538 2539 2527 2495 2464 2441 2400 2365 2312 2267 2209 2160 2119 2080 2023 1971 1922 1878 1835 1787 1734 1675 1636 1590 1536 1488 1432 1372 1307 1246 1182 1129 1073 1017 973 906 851 813 772 735 691 651 615 570 541 509 468 421 384 353 316 283 248 222 195 167 149 128 108 83 65 57 49 46 43 34 28 20
2615 2629 2650 2666 2669 2673 2680 2675 2657 2624 2621 2609 2579 2544 2508 2485 2447 2388 2339 2280 2223 2184 2130 2069 2008 1951 1910 1865 1813 1757 1713 1664 1611 1569 1518 1454 1389 1320 1252 1189 1140 1081 1034 988 922 878 843 807 758 716 680 637 596 560 524 484 444 404 370 334 299 262 232 206 188 168 141 119 98 78 68 64 62 49 42 35 30
2730 2739 2757 2766 2763 2777 2779 2770 2742 2718 2701 2690 2655 2622 2591 2568 2526 2471 2426 2359 2299 2255 2193 2129 2059 2001 1951 1889 1833 1790 1743 1688 1631 1578 1524 1468 1403 1338 1265 1205 1150 1106 1058 998 948 903 871 835 782 730 689 642 605 571 531 487 452 419 380 346 316 282 261 231 210 185 153 130 120 99 84 81 76 62 49 40 38
2846 2848 2854 2850 2858 2871 2871 2862 2838 2813 2788 2772 2743 2709 2682 2651 2610 2560 2497 2429 2376 2316 2254 2186 2119 2053 1994 1929 1873 1831 1771 1706 1634 1578 1524 1469 1413 1353 1289 1227 1168 1128 1079 1023 980 936 895 845 796 750 702 656 619 576 533 496 458 426 387 353 326 298 274 243 226 194 169 152 135 118 100 100 89 75 62 62 62
2968 2973 2973 2972 2976 2975 2963 2944 2937 2911 2878 2859 2835 2794 2765 2739 2692 2634 2555 2498 2438 2376 2310 2234 2163 2092 2026 1960 1903 1854 1792 1723 1652 1584 1536 1488 1425 1363 1299 1242 1183 1142 1105 1055 998 945 900 867 820 769 726 678 631 578 526 488 453 426 398 367 344 321 294 262 236 213 192 180 157 138 122 118 104 98 89 90 87
3091 3099 3095 3092 3095 3089 3059 3035 3033 3005 2971 2947 2919 2879 2851 2817 2762 2696 2629 2561 2493 2437 2370 2287 2207 2136 2065 1991 1933 1882 1802 1730 1653 1597 1552 1485 1428 1369 1310 1254 1200 1158 1111 1065 1003 950 908 880 843 796 741 691 635 587 539 499 464 435 406 376 365 338 309 276 251 235 220 198 175 155 146 137 127 121 112 110 105
3225 3224 3218 3217 3212 3209 3171 3142 3122 3100 3071 3037 3015 2966 2928 2892 2829 2760 2688 2614 2548 2485 2405 2314 2233 2162 2091 2018 1951 1890 1812 1735 1663 1600 1559 1490 1424 1361 1303 1253 1213 1166 1111 1075 1005 961 921 888 841 790 749 700 649 601 558 514 476 445 418 396 371 353 325 294 277 256 239 222 199 170 161 149 147 142 129 120 109
3368 3363 3356 3359 3345 3335 3299 3265 3236 3219 3189 3148 3113 3053 3001 2951 2875 2794 2715 2640 2562 2494 2410 2320 2238 2155 2075 2012 1950 1881 1803 1735 1670 1605 1543 1484 1421 1357 1299 1252 1218 1176 1118 1062 1009 960 915 875 837 794 754 703 650 611 570 535 491 457 437 423 399 376 346 321 300 284 263 249 228 197 182 173 166 153 144 135 120
3507 3491 3492 3485 3470 3457 3421 3382 3352 3318 3288 3235 3172 3102 3025 2953 2870 2784 2705 2627 2543 2464 2382 2295 2218 2142 2064 1996 1922 1857 1785 1715 1660 1603 1548 1475 1400 1343 1289 1238 1200 1161 1122 1076 1018 967 926 886 843 803 755 714 667 632 599 561 517 484 464 442 419 394 373 347 325 307 287 269 248 222 211 202 178 164 157 149 134
3646 3622 3612 3601 3574 3537 3500 3458 3422 3367 3295 3216 3133 3052 2972 2881 2812 2749 2675 2596 2506 2423 2338 2252 2182 2111 2040 1974 1906 1834 1762 1705 1650 1604 1568 1455 1387 1329 1286 1248 1203 1163 1126 1073 1019 977 930 888 850 814 775 734 695 655 613 560 521 496 481 462 440 417 397 366 342 320 304 291 268 242 230 217 198 177 174 160 148
3769 3746 3716 3691 3647 3593 3539 3484 3411 3328 3239 3146 3058 2968 2895 2811 2744 2683 2619 2548 2465 2376 2293 2202 2131 2069 2007 1939 1873 1812 1734 1673 1624 1572 1504 1432 1385 1331 1292 1257 1210 1162 1124 1071 1027 990 942 894 854 804 766 731 687 653 610 563 521 504 486 475 469 445 408 378 356 339 321 304 284 267 250 231 211 198 187 176 160
3879 3846 3797 3743 3685 3613 3545 3463 3381 3287 3186 3083 2982 2894 2812 2739 2672 2612 2549 2487 2409 2333 2239 2149 2068 2009 1949 1875 1811 1738 1666 1611 1554 1520 1470 1416 1377 1336 1296 1257 1211 1164 1118 1075 1043 999 953 895 846 801 764 729 686 653 615 581 542 513 499 494 482 458 418 393 371 352 337 314 300 286 263 248 236 221 203 191 177
3959 3919 3854 3778 3700 3610 3530 3447 3352 3250 3139 3028 2918 2830 2749 2672 2602 2543 2476 2403 2340 2282 2189 2089 2006 1931 1872 1803 1743 1685 1617 1580 1539 1496 1451 1408 1365 1336 1302 1251 1199 1162 1118 1077 1041 1005 961 908 857 807 762 728 693 649 615 596 567 532 521 507 488 467 433 405 379 366 358 340 325 301 285 265 255 237 222 208 200
3970 3968 3894 3805 3704 3607 3526 3426 3315 3203 3090 2977 2868 2784 2704 2629 2557 2470 2399 2328 2260 2199 2117 2015 1932 1864 1804 1744 1685 1632 1584 1554 1512 1469 1432 1396 1360 1326 1287 1240 1209 1181 1138 1091 1049 1007 965 916 867 810 767 721 689 656 640 612 585 560 546 530 502 475 454 427 402 384 370 359 340 318 303 285 276 266 245 232 226
3994 3994 3915 3830 3719 3605 3502 3389 3267 3150 3035 2931 2834 2730 2650 2582 2498 2409 2326 2257 2187 2111 2022 1940 1857 1790 1738 1686 1633 1587 1546 1514 1478 1439 1403 1374 1334 1302 1266 1232 1195 1155 1122 1084 1042 1003 959 914 870 819 777 726 691 670 653 629 606 582 566 545 518 492 477 453 434 411 391 375 364 339 323 311 297 289 268 256 251
4013 3992 3917 3824 3717 3602 3481 3362 3233 3109 2988 2886 2776 2677 2592 2513 2430 2343 2246 2177 2105 2015 1918 1847 1777 1709 1666 1629 1582 1543 1506 1471 1441 1414 1380 1344 1310 1273 1241 1207 1174 1142 1116 1069 1030 990 942 894 861 816 771 735 707 689 668 646 617 596 579 558 538 520 498 472 455 436 419 402 392 373 358 338 330 311 296 288 281
4020 3969 3909 3824 3709 3581 3456 3328 3185 3068 2951 2836 2728 2633 2529 2438 2354 2269 2180 2087 2002 1929 1831 1764 1707 1648 1613 1573 1532 1498 1467 1432 1398 1375 1344 1320 1300 1262 1228 1192 1165 1138 1105 1060 1020 973 927 887 859 827 792 759 732 712 693 664 635 614 598 582 562 544 513 493 477 461 443 429 417 402 387 373 366 344 330 329 314
3993 3953 3891 3797 3684 3550 3419 3285 3144 3013 2892 2779 2678 2568 2462 2357 2257 2174 2098 2004 1913 1842 1766 1685 1636 1592 1556 1523 1481 1454 1419 1395 1366 1330 1297 1271 1264 1241 1219 1189 1168 1142 1111 1066 1012 973 934 892 865 838 809 782 747 730 707 682 662 633 618 609 593 575 546 520 499 484 467 453 441 424 412 405 392 376 366 357 340
