data/raw/Env_Layers/Clipped_elev.asc
ncols        804
nrows        479
xllcorner    -160.716666666667
yllcorner    18.575000000000
cellsize     0.008333333333
NODATA_value -9999
[rows 340 to 373 of 479, columns 539 to 615 of 804]
-9999 -9999 -9999 -9999 -9999 -9999 -9999 -9999 -9999 -9999 -9999 -9999 -9999 -9999 -9999 -9999 -9999 -9999 -9999 -9999 8 12 29 56 88 135 201 283 391 533 657 770 905 1072 1248 1384 1451 1490 1533 1571 1565 1546 1543 1494 1436 1409 1403 1368 1339 1320 1310 1311 1307 1305 1308 1315 1329 1342 1355 1377 1389 1420 1444 1468 1501 1536 1569 1590 1614 1654 1688 1722 1742 1759 1771 1780 1798
-9999 -9999 -9999 -9999 -9999 -9999 -9999 -9999 -9999 -9999 -9999 -9999 -9999 -9999 -9999 -9999 -9999 -9999 -9999 -9999 4 10 26 50 89 136 201 280 384 505 636 769 906 1069 1249 1432 1573 1711 1780 1806 1810 1820 1810 1748 1663 1592 1544 1475 1443 1416 1377 1370 1359 1350 1353 1357 1373 1374 1381 1395 1411 1436 1458 1493 1532 1569 1602 1619 1641 1678 1716 1742 1758 1770 1779 1789 1809
-9999 -9999 -9999 -9999 -9999 -9999 -9999 -9999 -9999 -9999 -9999 -9999 -9999 -9999 -9999 -9999 -9999 -9999 -9999 -9999 -9999 9 25 53 90 128 189 260 357 473 604 733 870 1020 1182 1339 1510 1749 1871 1969 2031 2047 2060 1989 1883 1792 1704 1617 1578 1533 1483 1444 1410 1403 1402 1404 1418 1416 1417 1419 1427 1444 1469 1530 1564 1595 1619 1640 1660 1692 1722 1754 1773 1787 1794 1800 1823
-9999 -9999 -9999 -9999 -9999 -9999 -9999 -9999 -9999 -9999 -9999 -9999 -9999 -9999 -9999 -9999 -9999 -9999 -9999 -9999 -9999 8 22 33 71 122 176 233 315 436 567 695 821 949 1106 1264 1443 1648 1830 1967 2131 2219 2253 2180 2095 2004 1892 1814 1752 1684 1590 1514 1461 1442 1434 1443 1447 1447 1442 1447 1456 1472 1498 1545 1587 1606 1627 1649 1683 1707 1737 1767 1787 1802 1812 1823 1841
-9999 -9999 -9999 -9999 -9999 -9999 -9999 -9999 -9999 -9999 -9999 -9999 -9999 -9999 -9999 -9999 -9999 -9999 -9999 -9999 -9999 2 10 18 55 104 150 193 276 390 521 650 754 869 1004 1187 1382 1539 1722 1911 2098 2283 2374 2354 2298 2206 2099 1995 1902 1811 1682 1581 1514 1476 1461 1463 1467 1473 1479 1494 1512 1517 1529 1561 1590 1615 1646 1674 1705 1723 1755 1781 1795 1811 1829 1840 1861
-9999 -9999 -9999 -9999 -9999 -9999 -9999 -9999 -9999 -9999 -9999 -9999 -9999 -9999 -9999 -9999 -9999 -9999 -9999 -9999 -9999 -9999 -9999 10 36 81 123 174 243 345 468 588 699 806 931 1100 1267 1421 1624 1850 2056 2208 2379 2407 2294 2258 2197 2107 2013 1923 1764 1634 1560 1507 1499 1496 1497 1504 1509 1522 1542 1557 1564 1582 1604 1637 1671 1698 1731 1761 1785 1802 1820 1838 1852 1867 1877
-9999 -9999 -9999 -9999 -9999 -9999 -9999 -9999 -9999 -9999 -9999 -9999 -9999 -9999 -9999 -9999 -9999 -9999 -9999 -9999 -9999 -9999 -9999 4 17 55 101 154 227 310 410 534 659 761 870 1019 1151 1335 1530 1730 1906 2040 2176 2208 2164 2127 2117 2145 2055 1972 1828 1691 1594 1543 1528 1525 1525 1532 1534 1543 1557 1577 1591 1607 1639 1683 1723 1750 1774 1794 1820 1838 1859 1874 1888 1901 1921
-9999 -9999 -9999 -9999 -9999 -9999 -9999 -9999 -9999 -9999 -9999 -9999 -9999 -9999 -9999 -9999 -9999 -9999 -9999 -9999 -9999 -9999 -9999 -9999 7 24 67 129 203 279 376 495 606 708 825 936 1068 1244 1422 1598 1714 1848 1940 1979 2015 2030 2031 2052 2010 1928 1827 1703 1618 1568 1551 1546 1552 1554 1558 1558 1565 1582 1611 1638 1691 1736 1772 1804 1825 1843 1864 1881 1892 1904 1926 1941 1956
-9999 -9999 -9999 -9999 -9999 -9999 -9999 -9999 -9999 -9999 -9999 -9999 -9999 -9999 -9999 -9999 -9999 -9999 -9999 -9999 -9999 -9999 -9999 6 12 23 43 93 152 230 328 435 550 664 776 887 1024 1174 1320 1448 1554 1649 1723 1774 1865 1925 1950 1959 1938 1892 1803 1707 1629 1588 1570 1566 1561 1568 1585 1585 1594 1607 1637 1681 1743 1784 1823 1857 1872 1886 1907 1916 1940 1958 1977 1995 2003
-9999 -9999 -9999 -9999 -9999 -9999 -9999 -9999 -9999 -9999 -9999 -9999 -9999 -9999 -9999 -9999 -9999 -9999 -9999 -9999 -9999 -9999 -9999 6 12 13 26 69 116 179 266 365 498 611 727 851 965 1098 1225 1342 1430 1506 1583 1670 1757 1831 1868 1862 1834 1808 1756 1703 1639 1596 1579 1572 1563 1576 1600 1619 1634 1649 1681 1734 1785 1830 1865 1887 1908 1928 1938 1966 1994 2010 2029 2045 2047
-9999 -9999 -9999 -9999 -9999 -9999 -9999 -9999 -9999 -9999 -9999 -9999 -9999 -9999 -9999 -9999 -9999 -9999 -9999 -9999 -9999 -9999 -9999 -9999 -9999 3 10 36 74 137 214 312 449 573 687 814 913 1029 1141 1234 1325 1415 1503 1580 1660 1725 1777 1801 1801 1790 1750 1675 1627 1598 1577 1569 1570 1589 1622 1650 1669 1691 1725 1775 1826 1856 1904 1926 1946 1969 2000 2035 2056 2071 2080 2096 2098
-9999 -9999 -9999 -9999 -9999 -9999 -9999 -9999 -9999 -9999 -9999 -9999 -9999 -9999 -9999 -9999 -9999 -9999 -9999 -9999 -9999 -9999 -9999 -9999 -9999 -9999 -9999 -9999 35 100 173 260 405 540 664 790 879 986 1083 1184 1278 1357 1426 1491 1554 1625 1670 1717 1728 1719 1665 1626 1608 1589 1575 1581 1588 1610 1644 1673 1696 1726 1755 1816 1869 1910 1941 1971 2003 2033 2072 2093 2117 2134 2134 2140 2146
-9999 -9999 -9999 -9999 -9999 -9999 -9999 -9999 -9999 -9999 -9999 -9999 -9999 -9999 -9999 -9999 -9999 -9999 -9999 -9999 -9999 -9999 -9999 -9999 -9999 -9999 -9999 -9999 19 78 146 225 364 505 636 748 854 951 1050 1155 1240 1304 1367 1424 1481 1536 1573 1598 1637 1640 1606 1597 1593 1584 1583 1597 1619 1645 1682 1704 1741 1778 1804 1858 1913 1962 1990 2036 2059 2101 2139 2163 2175 2190 2188 2191 2193
-9999 -9999 -9999 -9999 -9999 -9999 -9999 -9999 -9999 -9999 -9999 -9999 -9999 -9999 -9999 -9999 -9999 -9999 -9999 -9999 -9999 -9999 -9999 -9999 -9999 -9999 -9999 -9999 -9999 46 107 199 337 474 599 716 824 938 1026 1099 1189 1258 1315 1373 1417 1456 1511 1548 1559 1571 1573 1576 1581 1573 1574 1602 1635 1682 1722 1744 1774 1805 1849 1894 1953 2003 2035 2084 2120 2165 2207 2236 2240 2248 2265 2272 2262
-9999 -9999 -9999 -9999 -9999 -9999 -9999 -9999 -9999 -9999 -9999 -9999 -9999 -9999 -9999 -9999 -9999 -9999 -9999 -9999 -9999 -9999 -9999 -9999 -9999 -9999 -9999 -9999 -9999 15 62 152 299 447 570 692 788 884 982 1071 1145 1209 1271 1328 1366 1407 1456 1491 1512 1544 1555 1552 1559 1564 1579 1603 1646 1699 1738 1767 1801 1845 1880 1928 1992 2039 2075 2131 2182 2222 2269 2301 2310 2320 2339 2343 2343
-9999 -9999 -9999 -9999 -9999 -9999 -9999 -9999 -9999 -9999 -9999 -9999 -9999 -9999 -9999 -9999 -9999 -9999 -9999 -9999 -9999 -9999 -9999 -9999 -9999 -9999 -9999 -9999 -9999 -9999 32 123 268 396 536 656 754 855 962 1050 1116 1189 1248 1303 1344 1388 1427 1451 1488 1516 1526 1535 1546 1564 1595 1624 1663 1700 1749 1787 1827 1876 1918 1968 2036 2084 2127 2181 2232 2282 2323 2354 2367 2384 2409 2417 2420
-9999 -9999 -9999 -9999 -9999 -9999 -9999 -9999 -9999 -9999 -9999 -9999 -9999 -9999 -9999 -9999 -9999 -9999 -9999 -9999 -9999 -9999 -9999 -9999 -9999 -9999 -9999 -9999 -9999 -9999 18 95 233 372 515 641 749 855 950 1035 1110 1179 1233 1279 1328 1364 1394 1420 1455 1483 1511 1530 1538 1563 1591 1619 1666 1716 1766 1800 1849 1911 1976 2026 2070 2121 2182 2228 2296 2343 2380 2419 2439 2463 2487 2505 2521
-9999 -9999 -9999 -9999 -9999 -9999 -9999 -9999 -9999 -9999 -9999 -9999 -9999 -9999 -9999 -9999 -9999 -9999 -9999 -9999 -9999 -9999 -9999 -9999 -9999 -9999 -9999 -9999 -9999 -9999 11 73 210 352 492 619 722 827 931 1012 1085 1154 1205 1255 1303 1350 1386 1418 1442 1472 1500 1536 1544 1563 1598 1625 1672 1728 1778 1824 1887 1955 2022 2080 2133 2169 2230 2298 2369 2425 2467 2510 2537 2557 2572 2604 2616
-9999 -9999 -9999 -9999 -9999 -9999 -9999 -9999 -9999 -9999 -9999 -9999 -9999 -9999 -9999 -9999 -9999 -9999 -9999 -9999 -9999 -9999 -9999 -9999 -9999 -9999 -9999 -9999 -9999 -9999 -9999 56 188 328 459 588 708 810 909 994 1056 1121 1180 1240 1290 1334 1365 1402 1431 1459 1494 1522 1544 1574 1616 1657 1708 1756 1801 1858 1927 2000 2058 2127 2182 2230 2292 2360 2432 2492 2545 2591 2624 2652 2672 2710 2730
-9999 -9999 -9999 -9999 -9999 -9999 -9999 -9999 -9999 -9999 -9999 -9999 -9999 -9999 -9999 -9999 -9999 -9999 -9999 -9999 -9999 -9999 -9999 -9999 -9999 -9999 -9999 -9999 -9999 -9999 -9999 45 156 295 429 559 681 790 881 959 1011 1087 1151 1202 1254 1305 1333 1378 1420 1452 1486 1525 1556 1590 1633 1676 1723 1782 1841 1909 1981 2037 2113 2169 2239 2298 2361 2417 2488 2547 2617 2669 2714 2749 2788 2823 2848
-9999 -9999 -9999 -9999 -9999 -9999 -9999 -9999 -9999 -9999 -9999 -9999 -9999 -9999 -9999 -9999 -9999 -9999 -9999 -9999 -9999 -9999 -9999 -9999 -9999 -9999 -9999 -9999 -9999 -9999 -9999 22 126 262 401 526 629 743 833 894 974 1051 1128 1191 1234 1271 1310 1357 1399 1445 1490 1547 1581 1625 1664 1695 1749 1811 1893 1967 2042 2113 2187 2242 2292 2350 2427 2481 2544 2623 2716 2775 2817 2872 2906 2934 2962
-9999 -9999 -9999 -9999 -9999 -9999 -9999 -9999 -9999 -9999 -9999 -9999 -9999 -9999 -9999 -9999 -9999 -9999 -9999 -9999 -9999 -9999 -9999 -9999 -9999 -9999 -9999 -9999 -9999 -9999 -9999 14 107 239 372 494 599 698 779 850 937 1024 1100 1163 1207 1253 1300 1351 1398 1437 1489 1536 1598 1648 1683 1717 1780 1845 1925 2003 2073 2165 2238 2299 2352 2419 2488 2564 2630 2705 2797 2874 2938 3002 3037 3064 3086
-9999 -9999 -9999 -9999 -9999 -9999 -9999 -9999 -9999 -9999 -9999 -9999 -9999 -9999 -9999 -9999 -9999 -9999 -9999 -9999 -9999 -9999 -9999 -9999 -9999 -9999 -9999 -9999 -9999 -9999 -9999 -9999 78 212 334 458 562 663 751 831 925 1003 1078 1143 1190 1233 1283 1343 1389 1432 1484 1529 1603 1668 1711 1753 1813 1875 1948 2029 2121 2201 2277 2355 2425 2496 2570 2648 2725 2809 2895 2985 3057 3126 3170 3204 3226
-9999 -9999 -9999 -9999 -9999 -9999 -9999 -9999 -9999 -9999 -9999 -9999 -9999 -9999 -9999 -9999 -9999 -9999 -9999 -9999 -9999 -9999 -9999 -9999 -9999 -9999 -9999 -9999 -9999 -9999 -9999 -9999 67 180 313 431 530 633 727 817 903 979 1050 1129 1179 1225 1277 1343 1385 1429 1490 1548 1616 1672 1718 1768 1834 1881 1971 2062 2154 2227 2320 2410 2488 2568 2655 2733 2816 2917 3021 3108 3191 3266 3317 3345 3361
-9999 -9999 -9999 -9999 -9999 -9999 -9999 -9999 -9999 -9999 -9999 -9999 -9999 -9999 -9999 -9999 -9999 -9999 -9999 -9999 -9999 -9999 -9999 -9999 -9999 -9999 -9999 -9999 -9999 -9999 -9999 -9999 35 141 267 393 500 603 708 801 881 951 1021 1102 1165 1218 1286 1352 1395 1438 1503 1558 1627 1687 1734 1789 1848 1910 1993 2080 2175 2268 2356 2457 2550 2639 2734 2820 2907 3025 3137 3233 3318 3394 3450 3485 3506
-9999 -9999 -9999 -9999 -9999 -9999 -9999 -9999 -9999 -9999 -9999 -9999 -9999 -9999 -9999 -9999 -9999 -9999 -9999 -9999 -9999 -9999 -9999 -9999 -9999 -9999 -9999 -9999 -9999 -9999 -9999 -9999 19 113 245 362 472 584 691 779 858 923 1001 1078 1151 1214 1278 1358 1404 1440 1506 1560 1630 1701 1749 1804 1867 1938 2025 2116 2208 2294 2397 2504 2608 2702 2803 2895 2996 3127 3255 3358 3451 3519 3582 3617 3628
-9999 -9999 -9999 -9999 -9999 -9999 -9999 -9999 -9999 -9999 -9999 -9999 -9999 -9999 -9999 -9999 -9999 -9999 -9999 -9999 -9999 -9999 -9999 -9999 -9999 -9999 -9999 -9999 -9999 -9999 -9999 -9999 21 104 218 353 462 553 660 770 855 921 998 1060 1121 1189 1260 1337 1391 1430 1497 1558 1618 1697 1759 1821 1886 1967 2054 2155 2248 2341 2443 2545 2647 2760 2858 2969 3090 3219 3355 3480 3573 3659 3726 3758 3762
-9999 -9999 -9999 -9999 -9999 -9999 -9999 -9999 -9999 -9999 -9999 -9999 -9999 -9999 -9999 -9999 -9999 -9999 -9999 -9999 -9999 -9999 -9999 -9999 -9999 -9999 -9999 -9999 -9999 -9999 -9999 -9999 -9999 88 199 316 427 526 632 741 836 905 981 1045 1105 1166 1232 1306 1366 1424 1495 1559 1618 1706 1782 1841 1906 1996 2093 2185 2278 2387 2485 2582 2686 2804 2923 3051 3186 3313 3439 3569 3676 3776 3857 3894 3895
-9999 -9999 -9999 -9999 -9999 -9999 -9999 -9999 -9999 -9999 -9999 -9999 -9999 -9999 -9999 -9999 -9999 -9999 -9999 -9999 -9999 -9999 -9999 -9999 -9999 -9999 -9999 -9999 -9999 -9999 -9999 -9999 -9999 51 169 281 384 480 573 685 783 874 953 1024 1086 1143 1220 1298 1362 1418 1494 1571 1633 1715 1785 1854 1926 2016 2110 2199 2297 2395 2505 2619 2734 2856 2997 3126 3258 3396 3522 3645 3766 3880 3953 3989 3980
-9999 -9999 -9999 -9999 -9999 -9999 -9999 -9999 -9999 -9999 -9999 -9999 -9999 -9999 -9999 -9999 -9999 -9999 -9999 -9999 -9999 -9999 -9999 -9999 -9999 -9999 -9999 -9999 -9999 -9999 -9999 -9999 -9999 18 97 212 310 405 496 607 733 850 945 1011 1089 1144 1221 1294 1359 1422 1496 1568 1638 1714 1788 1866 1941 2017 2112 2207 2311 2420 2532 2642 2774 2911 3040 3178 3309 3449 3588 3721 3856 3978 4059 4061 4001
-9999 -9999 -9999 -9999 -9999 -9999 -9999 -9999 -9999 -9999 -9999 -9999 -9999 -9999 -9999 -9999 -9999 -9999 -9999 -9999 -9999 -9999 -9999 -9999 -9999 -9999 -9999 -9999 -9999 -9999 -9999 -9999 -9999 -9999 4 -9999 117 227 328 458 629 789 918 995 1066 1137 1217 1288 1355 1423 1505 1573 1646 1734 1799 1876 1956 2027 2103 2213 2323 2432 2556 2685 2815 2942 3082 3219 3350 3484 3637 3780 3932 4059 4099 4005 3983
-9999 -9999 -9999 -9999 -9999 -9999 -9999 -9999 -9999 -9999 -9999 -9999 -9999 -9999 -9999 -9999 -9999 -9999 -9999 -9999 -9999 -9999 -9999 -9999 -9999 -9999 -9999 -9999 -9999 -9999 -9999 -9999 -9999 -9999 -9999 -9999 7 68 161 290 475 678 862 966 1026 1114 1203 1272 1346 1423 1501 1565 1655 1745 1814 1876 1958 2038 2112 2216 2328 2452 2580 2721 2851 2973 3108 3244 3378 3511 3665 3819 3955 4069 4050 3993 3984
-9999 -9999 -9999 -9999 -9999 -9999 -9999 -9999 -9999 -9999 -9999 -9999 -9999 -9999 -9999 -9999 -9999 -9999 -9999 -9999 -9999 -9999 -9999 -9999 -9999 -9999 -9999 -9999 -9999 -9999 -9999 -9999 -9999 -9999 -9999 -9999 10 59 138 225 328 468 727 902 997 1102 1194 1268 1343 1416 1507 1589 1670 1743 1829 1884 1962 2043 2136 2232 2351 2471 2604 2743 2880 3002 3139 3270 3396 3526 3680 3831 3956 4034 4048 4000 3989
-9999 -9999 -9999 -9999 -9999 -9999 -9999 -9999 -9999 -9999 -9999 -9999 -9999 -9999 -9999 -9999 -9999 -9999 -9999 -9999 -9999 -9999 -9999 -9999 -9999 -9999 -9999 -9999 -9999 -9999 -9999 -9999 -9999 -9999 -9999 -9999 7 43 120 183 272 371 554 815 952 1062 1161 1252 1342 1420 1520 1606 1691 1765 1844 1908 1994 2066 2158 2264 2371 2496 2629 2766 2898 3023 3144 3278 3407 3537 3677 3825 3937 4014 4039 4010 4016
