data/processed/Maxent_results1/MaxEnt_Output_betamultiplier_1/religiosa_stddev.asc
ncols         804
nrows         479
xllcorner     -160.716666666667
yllcorner     18.575
cellsize      0.008333333333
NODATA_value  -9999
[rows 340 to 373 of 479, columns 532 to 607 of 804]
-9999 -9999 -9999 -9999 -9999 -9999 -9999 -9999 -9999 -9999 -9999 -9999 -9999 -9999 -9999 -9999 -9999 -9999 -9999 -9999 -9999 -9999 -9999 -9999 -9999 -9999 -9999 5.44497E-3 1.21703E-3 4.1281E-3 5.25467E-2 8.22475E-2 4.75551E-2 2.61798E-2 1.87732E-2 1.09676E-2 7.63387E-3 3.74278E-3 2.17423E-3 1.06023E-3 7.21809E-4 4.26872E-4 1.9379E-4 1.26737E-4 1.04058E-4 9.82603E-5 8.1753E-5 7.86102E-5 7.06759E-5 6.07839E-5 4.54279E-5 4.52469E-5 3.28433E-5 2.36517E-5 1.44466E-5 2.0001E-5 1.34313E-5 1.1065E-5 9.66013E-6 5.90185E-6 5.01658E-6 4.40765E-6 4.60241E-6 5.07596E-6 4.36593E-6 3.9601E-6 3.37173E-6 1.82728E-6 2.67671E-6 2.84301E-6 2.67584E-6 1.77462E-6 1.56414E-6 1.27849E-6 1.12906E-6 9.39002E-7
-9999 -9999 -9999 -9999 -9999 -9999 -9999 -9999 -9999 -9999 -9999 -9999 -9999 -9999 -9999 -9999 -9999 -9999 -9999 -9999 -9999 -9999 -9999 -9999 -9999 -9999 -9999 3.86419E-2 4.79668E-3 1.88288E-3 2.94742E-2 9.23192E-2 5.55716E-2 2.27449E-2 3.118E-2 1.37248E-2 7.97606E-3 4.30171E-3 2.19218E-3 1.15347E-3 6.79071E-4 3.95297E-4 1.5726E-4 9.95942E-5 7.51198E-5 5.17406E-5 4.59866E-5 4.47288E-5 3.80019E-5 4.34378E-5 4.49276E-5 2.55582E-5 1.83924E-5 1.12714E-5 7.00696E-6 9.39872E-6 5.77363E-6 6.08684E-6 3.45983E-6 2.96392E-6 3.51284E-6 3.38179E-6 2.57379E-6 2.09584E-6 1.80698E-6 2.13703E-6 3.42143E-6 2.40773E-6 1.88969E-6 1.92799E-6 2.19486E-6 1.48409E-6 1.06049E-6 8.80005E-7 8.68643E-7 7.31637E-7
-9999 -9999 -9999 -9999 -9999 -9999 -9999 -9999 -9999 -9999 -9999 -9999 -9999 -9999 -9999 -9999 -9999 -9999 -9999 -9999 -9999 -9999 -9999 -9999 -9999 -9999 -9999 -9999 1.05969E-2 2.47224E-3 3.28856E-2 1.04275E-1 5.43009E-2 3.12261E-2 2.64558E-2 1.64325E-2 8.76828E-3 4.51545E-3 2.85637E-3 1.45699E-3 8.23074E-4 5.70115E-4 2.43806E-4 1.04281E-4 6.25074E-5 2.74326E-5 2.26325E-5 1.89324E-5 1.79935E-5 1.75361E-5 2.35578E-5 1.62517E-5 8.68088E-6 4.74136E-6 3.18803E-6 4.29955E-6 3.12962E-6 3.51113E-6 1.82844E-6 2.2583E-6 2.15083E-6 1.85963E-6 2.15414E-6 1.22325E-6 9.73099E-7 1.3659E-6 2.10401E-6 1.88595E-6 1.40765E-6 1.31452E-6 1.189E-6 1.11367E-6 9.01383E-7 7.34899E-7 7.24293E-7 4.15233E-7
-9999 -9999 -9999 -9999 -9999 -9999 -9999 -9999 -9999 -9999 -9999 -9999 -9999 -9999 -9999 -9999 -9999 -9999 -9999 -9999 -9999 -9999 -9999 -9999 -9999 -9999 -9999 -9999 1.84866E-2 5.09299E-3 1.24858E-2 6.10514E-2 5.27072E-2 3.85431E-2 2.25643E-2 1.82355E-2 1.10089E-2 6.3916E-3 2.96954E-3 1.87578E-3 1.34414E-3 9.0651E-4 4.36442E-4 1.56064E-4 8.30397E-5 3.21019E-5 1.99463E-5 1.52641E-5 1.11273E-5 1.26534E-5 1.65844E-5 1.50924E-5 6.45091E-6 2.92652E-6 2.29625E-6 1.88937E-6 1.66873E-6 1.51069E-6 1.43195E-6 1.11921E-6 5.53541E-7 5.7573E-7 4.25918E-7 8.76101E-7 7.81137E-7 1.05247E-6 1.41142E-6 1.18361E-6 1.0925E-6 1.07622E-6 9.23673E-7 8.77468E-7 5.09335E-7 4.50363E-7 4.22707E-7 3.31942E-7
-9999 -9999 -9999 -9999 -9999 -9999 -9999 -9999 -9999 -9999 -9999 -9999 -9999 -9999 -9999 -9999 -9999 -9999 -9999 -9999 -9999 -9999 -9999 -9999 -9999 -9999 -9999 -9999 7.72023E-2 1.10921E-2 1.04433E-2 5.19439E-2 7.71496E-2 4.24394E-2 3.56389E-2 2.31234E-2 1.18719E-2 7.23222E-3 4.68695E-3 2.38335E-3 1.86329E-3 1.54064E-3 8.56612E-4 3.06623E-4 9.6534E-5 3.0022E-5 2.67026E-5 1.79654E-5 8.04621E-6 8.13215E-6 1.02508E-5 1.04342E-5 3.34387E-6 1.9243E-6 1.6351E-6 1.36534E-6 1.50969E-6 8.24271E-7 6.75805E-7 1.51582E-7 1.62595E-7 2.61458E-7 2.964E-7 4.52356E-7 5.48954E-7 7.15789E-7 2.81095E-7 6.18377E-7 8.66993E-7 8.1985E-7 9.25501E-7 6.54477E-7 5.15623E-7 3.33534E-7 2.41409E-7 2.13017E-7
-9999 -9999 -9999 -9999 -9999 -9999 -9999 -9999 -9999 -9999 -9999 -9999 -9999 -9999 -9999 -9999 -9999 -9999 -9999 -9999 -9999 -9999 -9999 -9999 -9999 -9999 -9999 -9999 -9999 -9999 5.47661E-3 4.32903E-2 9.29701E-2 5.31942E-2 3.38442E-2 3.81736E-2 2.31124E-2 8.23679E-3 6.34119E-3 3.28263E-3 2.69724E-3 1.79396E-3 1.31893E-3 6.31427E-4 2.22114E-4 7.79114E-5 3.11198E-5 1.65578E-5 9.80761E-6 8.57376E-6 8.81831E-6 1.17256E-5 5.71735E-6 2.3641E-6 1.38997E-6 1.15259E-6 8.36153E-7 7.3526E-7 2.36715E-7 1.26189E-7 1.29027E-7 2.01349E-7 3.93986E-7 4.555E-7 3.08002E-7 6.33808E-7 2.71507E-7 4.44308E-7 5.4167E-7 7.69351E-7 9.36392E-7 8.52389E-7 5.82473E-7 3.58259E-7 2.33346E-7 2.52784E-7
-9999 -9999 -9999 -9999 -9999 -9999 -9999 -9999 -9999 -9999 -9999 -9999 -9999 -9999 -9999 -9999 -9999 -9999 -9999 -9999 -9999 -9999 -9999 -9999 -9999 -9999 -9999 -9999 -9999 -9999 3.65058E-2 3.75678E-2 5.78095E-2 5.25225E-2 3.3083E-2 3.14295E-2 1.95432E-2 1.5978E-2 9.1518E-3 4.32874E-3 3.3211E-3 2.2078E-3 1.87635E-3 1.13263E-3 4.3348E-4 1.15913E-4 5.857E-5 2.6461E-5 1.65519E-5 1.42705E-5 1.95961E-5 1.64467E-5 4.73216E-6 2.33187E-6 1.87818E-6 1.40624E-6 1.0772E-6 6.73514E-7 3.45369E-7 2.47457E-7 1.43591E-7 1.87948E-7 1.79458E-7 2.55209E-7 2.76068E-7 4.09713E-7 3.22113E-7 4.24715E-7 4.85883E-7 7.30915E-7 8.18745E-7 6.39581E-7 4.97101E-7 3.08494E-7 2.08114E-7 2.7731E-7
-9999 -9999 -9999 -9999 -9999 -9999 -9999 -9999 -9999 -9999 -9999 -9999 -9999 -9999 -9999 -9999 -9999 -9999 -9999 -9999 -9999 -9999 -9999 -9999 -9999 -9999 -9999 -9999 -9999 -9999 -9999 3.03243E-2 5.88724E-2 8.05379E-2 4.38399E-2 3.06701E-2 2.91307E-2 1.19663E-2 7.89465E-3 5.2272E-3 3.49787E-3 2.56926E-3 1.75406E-3 1.32155E-3 6.14126E-4 2.4265E-4 8.29449E-5 6.55675E-5 3.03795E-5 3.29368E-5 2.66119E-5 1.51448E-5 7.4268E-6 3.38641E-6 2.09369E-6 1.86818E-6 1.13961E-6 7.12851E-7 3.72558E-7 1.84298E-7 2.23629E-7 1.32899E-7 1.41476E-7 2.20239E-7 2.43856E-7 3.35419E-7 6.65171E-7 5.81627E-7 5.15156E-7 6.41079E-7 7.32764E-7 5.9497E-7 4.34282E-7 3.79882E-7 3.0635E-7 2.93583E-7
-9999 -9999 -9999 -9999 -9999 -9999 -9999 -9999 -9999 -9999 -9999 -9999 -9999 -9999 -9999 -9999 -9999 -9999 -9999 -9999 -9999 -9999 -9999 -9999 -9999 -9999 -9999 -9999 -9999 -9999 3.46794E-2 3.59439E-2 5.92219E-2 7.69899E-2 6.32266E-2 3.34801E-2 1.906E-2 2.09525E-2 1.28861E-2 5.65202E-3 3.94643E-3 2.63178E-3 2.05229E-3 1.2498E-3 8.63949E-4 3.71717E-4 1.86593E-4 9.17374E-5 7.33485E-5 7.15601E-5 3.06129E-5 1.41253E-5 8.54103E-6 4.38082E-6 3.22434E-6 1.52447E-6 1.48644E-6 8.59368E-7 3.09137E-7 1.88059E-7 1.46212E-7 1.30707E-7 1.28287E-7 1.40606E-7 2.07596E-7 2.76372E-7 5.47045E-7 4.25783E-7 5.51587E-7 7.4001E-7 7.65698E-7 5.99416E-7 5.57713E-7 4.30273E-7 3.81064E-7 2.77147E-7
-9999 -9999 -9999 -9999 -9999 -9999 -9999 -9999 -9999 -9999 -9999 -9999 -9999 -9999 -9999 -9999 -9999 -9999 -9999 -9999 -9999 -9999 -9999 -9999 -9999 -9999 -9999 -9999 -9999 -9999 4.46891E-2 3.42315E-2 6.13908E-2 6.59994E-2 7.14984E-2 4.15755E-2 3.10253E-2 1.46971E-2 1.58627E-2 8.51451E-3 4.61209E-3 3.11917E-3 2.01943E-3 1.35129E-3 8.17067E-4 4.40474E-4 2.6924E-4 1.66724E-4 1.10528E-4 7.74503E-5 4.65145E-5 1.9671E-5 1.03909E-5 5.9203E-6 3.61129E-6 2.59951E-6 1.28E-6 7.13917E-7 2.744E-7 1.65182E-7 1.79508E-7 1.84399E-7 1.02772E-7 1.29391E-7 2.26386E-7 2.70749E-7 4.87382E-7 7.70796E-7 7.45169E-7 5.73183E-7 6.8967E-7 6.36394E-7 5.16225E-7 4.18462E-7 3.70645E-7 3.37823E-7
-9999 -9999 -9999 -9999 -9999 -9999 -9999 -9999 -9999 -9999 -9999 -9999 -9999 -9999 -9999 -9999 -9999 -9999 -9999 -9999 -9999 -9999 -9999 -9999 -9999 -9999 -9999 -9999 -9999 -9999 -9999 -9999 1.12516E-1 5.27527E-2 6.90312E-2 5.07445E-2 3.39272E-2 2.65568E-2 2.35776E-2 1.00859E-2 6.45778E-3 3.26096E-3 2.28527E-3 1.48373E-3 8.22935E-4 5.00945E-4 3.68998E-4 2.24516E-4 1.66723E-4 8.91572E-5 5.01973E-5 2.35224E-5 1.51903E-5 8.3287E-6 5.0984E-6 2.96137E-6 1.80904E-6 7.22505E-7 2.46591E-7 1.85638E-7 2.09686E-7 1.91824E-7 1.90364E-7 2.2716E-7 2.17949E-7 3.03159E-7 3.8602E-7 4.20492E-7 6.28608E-7 6.23375E-7 5.369E-7 4.45334E-7 3.69355E-7 3.46203E-7 2.96694E-7 2.72559E-7
-9999 -9999 -9999 -9999 -9999 -9999 -9999 -9999 -9999 -9999 -9999 -9999 -9999 -9999 -9999 -9999 -9999 -9999 -9999 -9999 -9999 -9999 -9999 -9999 -9999 -9999 -9999 -9999 -9999 -9999 -9999 -9999 -9999 -9999 -9999 1.01322E-1 4.57995E-2 3.17036E-2 1.85043E-2 1.61043E-2 5.65587E-3 4.50342E-3 2.32654E-3 1.68848E-3 1.15954E-3 6.99224E-4 4.89131E-4 2.88028E-4 1.59394E-4 1.11305E-4 5.54191E-5 4.16212E-5 2.35121E-5 1.0602E-5 6.54115E-6 4.01409E-6 2.41106E-6 8.42201E-7 3.33217E-7 1.62386E-7 1.81509E-7 2.87261E-7 3.42918E-7 4.00024E-7 4.02444E-7 4.31971E-7 4.86227E-7 5.05311E-7 4.97577E-7 4.6763E-7 3.04334E-7 3.30426E-7 2.49725E-7 2.117E-7 2.19803E-7 1.69447E-7
-9999 -9999 -9999 -9999 -9999 -9999 -9999 -9999 -9999 -9999 -9999 -9999 -9999 -9999 -9999 -9999 -9999 -9999 -9999 -9999 -9999 -9999 -9999 -9999 -9999 -9999 -9999 -9999 -9999 -9999 -9999 -9999 -9999 -9999 -9999 8.82196E-2 4.67497E-2 4.22401E-2 3.0348E-2 1.69934E-2 8.89817E-3 4.16823E-3 3.0365E-3 1.92668E-3 1.28465E-3 8.78699E-4 5.7427E-4 3.60139E-4 1.93592E-4 1.42309E-4 8.54182E-5 5.66603E-5 3.18688E-5 1.68426E-5 1.17706E-5 3.42889E-6 2.2404E-6 1.13107E-6 4.81596E-7 2.20183E-7 3.02436E-7 2.79143E-7 4.84432E-7 5.95611E-7 5.33428E-7 4.88343E-7 5.661E-7 6.83795E-7 4.20917E-7 3.89259E-7 2.71705E-7 1.58242E-7 1.70436E-7 1.78534E-7 1.49561E-7 1.07129E-7
-9999 -9999 -9999 -9999 -9999 -9999 -9999 -9999 -9999 -9999 -9999 -9999 -9999 -9999 -9999 -9999 -9999 -9999 -9999 -9999 -9999 -9999 -9999 -9999 -9999 -9999 -9999 -9999 -9999 -9999 -9999 -9999 -9999 -9999 -9999 -9999 3.96139E-2 4.61049E-2 4.13716E-2 2.15037E-2 1.11381E-2 6.13446E-3 3.31218E-3 2.43367E-3 1.47538E-3 9.08768E-4 6.36931E-4 3.13986E-4 2.50544E-4 2.28154E-4 1.47574E-4 8.55511E-5 4.66913E-5 2.74861E-5 1.3139E-5 8.9209E-6 2.34724E-6 1.33461E-6 5.35409E-7 3.49621E-7 4.08518E-7 4.00499E-7 6.74428E-7 6.36551E-7 7.50964E-7 6.69692E-7 6.79167E-7 6.51645E-7 5.58185E-7 2.74019E-7 2.79345E-7 2.25071E-7 1.37632E-7 1.23459E-7 1.35086E-7 8.77905E-8
-9999 -9999 -9999 -9999 -9999 -9999 -9999 -9999 -9999 -9999 -9999 -9999 -9999 -9999 -9999 -9999 -9999 -9999 -9999 -9999 -9999 -9999 -9999 -9999 -9999 -9999 -9999 -9999 -9999 -9999 -9999 -9999 -9999 -9999 -9999 -9999 9.02821E-2 1.94441E-2 3.96014E-2 2.74573E-2 1.38796E-2 8.1393E-3 3.90198E-3 2.86899E-3 2.01339E-3 1.255E-3 6.30968E-4 3.80552E-4 2.92331E-4 2.44606E-4 1.92823E-4 1.20525E-4 7.57153E-5 4.72378E-5 1.84729E-5 1.03625E-5 2.35267E-6 1.30486E-6 6.66165E-7 3.40689E-7 5.34983E-7 7.72167E-7 9.7525E-7 9.29657E-7 9.81988E-7 8.22857E-7 7.69126E-7 6.29247E-7 4.42468E-7 2.85451E-7 1.61239E-7 1.53087E-7 1.31319E-7 8.19616E-8 8.74731E-8 6.886E-8
-9999 -9999 -9999 -9999 -9999 -9999 -9999 -9999 -9999 -9999 -9999 -9999 -9999 -9999 -9999 -9999 -9999 -9999 -9999 -9999 -9999 -9999 -9999 -9999 -9999 -9999 -9999 -9999 -9999 -9999 -9999 -9999 -9999 -9999 -9999 -9999 -9999 2.42576E-2 1.37238E-2 2.89328E-2 1.71582E-2 9.71888E-3 5.95176E-3 3.19384E-3 1.81282E-3 1.08562E-3 6.5271E-4 4.38349E-4 3.17225E-4 2.65014E-4 2.58462E-4 1.99873E-4 1.33128E-4 6.71307E-5 2.85718E-5 1.46887E-5 6.75306E-6 1.18224E-6 9.15396E-7 4.73379E-7 6.44523E-7 8.56529E-7 1.38075E-6 1.09774E-6 1.17809E-6 9.02467E-7 9.26709E-7 4.88272E-7 3.92444E-7 2.36156E-7 1.41E-7 1.74549E-7 1.11975E-7 8.02968E-8 5.73617E-8 5.24496E-8
-9999 -9999 -9999 -9999 -9999 -9999 -9999 -9999 -9999 -9999 -9999 -9999 -9999 -9999 -9999 -9999 -9999 -9999 -9999 -9999 -9999 -9999 -9999 -9999 -9999 -9999 -9999 -9999 -9999 -9999 -9999 -9999 -9999 -9999 -9999 -9999 -9999 1.38125E-2 2.46657E-2 1.47762E-2 1.80743E-2 1.01521E-2 6.65189E-3 3.42359E-3 2.08574E-3 1.09424E-3 7.06128E-4 4.6701E-4 3.08564E-4 3.20367E-4 2.88783E-4 2.06422E-4 1.232E-4 6.54171E-5 3.21223E-5 1.52589E-5 6.18555E-6 9.47655E-7 1.26452E-6 7.84288E-7 8.24579E-7 8.89887E-7 1.0664E-6 1.08849E-6 1.18448E-6 9.28303E-7 8.50369E-7 5.51845E-7 3.76542E-7 1.81064E-7 1.40854E-7 1.40544E-7 1.08623E-7 1.01922E-7 7.41318E-8 3.46848E-8
-9999 -9999 -9999 -9999 -9999 -9999 -9999 -9999 -9999 -9999 -9999 -9999 -9999 -9999 -9999 -9999 -9999 -9999 -9999 -9999 -9999 -9999 -9999 -9999 -9999 -9999 -9999 -9999 -9999 -9999 -9999 -9999 -9999 -9999 -9999 -9999 -9999 4.3238E-2 1.77499E-2 1.89688E-2 1.74045E-2 1.10447E-2 6.47742E-3 4.57552E-3 2.28647E-3 1.36209E-3 8.76082E-4 4.96532E-4 3.44283E-4 3.55701E-4 3.35875E-4 1.88249E-4 1.04823E-4 6.78323E-5 3.40986E-5 2.47651E-5 7.88041E-6 2.30361E-6 1.25169E-6 8.85189E-7 8.26028E-7 9.64272E-7 1.1066E-6 1.26613E-6 1.73864E-6 1.11076E-6 7.79292E-7 4.802E-7 3.81613E-7 2.94291E-7 1.72004E-7 1.53663E-7 1.21628E-7 9.344E-8 8.30449E-8 4.64825E-8
-9999 -9999 -9999 -9999 -9999 -9999 -9999 -9999 -9999 -9999 -9999 -9999 -9999 -9999 -9999 -9999 -9999 -9999 -9999 -9999 -9999 -9999 -9999 -9999 -9999 -9999 -9999 -9999 -9999 -9999 -9999 -9999 -9999 -9999 -9999 -9999 -9999 -9999 1.32582E-2 1.87295E-2 1.74324E-2 1.09555E-2 7.09171E-3 4.7417E-3 3.18381E-3 1.6107E-3 8.94761E-4 5.72896E-4 4.60259E-4 3.66622E-4 3.65162E-4 2.45066E-4 1.64988E-4 8.63922E-5 4.4908E-5 2.35953E-5 1.2942E-5 3.76822E-6 1.92699E-6 1.08339E-6 1.05031E-6 9.20033E-7 1.29572E-6 1.51175E-6 1.64257E-6 1.13861E-6 8.62315E-7 6.76539E-7 4.00122E-7 2.98216E-7 2.16343E-7 1.37295E-7 1.14437E-7 8.90399E-8 5.10208E-8 4.35925E-8
-9999 -9999 -9999 -9999 -9999 -9999 -9999 -9999 -9999 -9999 -9999 -9999 -9999 -9999 -9999 -9999 -9999 -9999 -9999 -9999 -9999 -9999 -9999 -9999 -9999 -9999 -9999 -9999 -9999 -9999 -9999 -9999 -9999 -9999 -9999 -9999 -9999 -9999 8.47971E-3 2.37226E-2 1.82019E-2 1.46985E-2 9.06868E-3 5.88344E-3 3.8285E-3 1.71148E-3 1.20333E-3 8.94431E-4 4.84002E-4 4.47454E-4 3.75415E-4 3.17387E-4 1.85372E-4 9.49055E-5 4.11291E-5 2.70974E-5 1.17588E-5 5.63635E-6 2.27974E-6 1.3512E-6 1.10999E-6 1.13188E-6 1.14361E-6 1.64938E-6 1.69124E-6 1.2112E-6 6.45755E-7 6.14019E-7 4.7595E-7 3.36021E-7 2.31914E-7 1.32645E-7 7.94172E-8 6.31773E-8 5.22138E-8 2.34873E-8
-9999 -9999 -9999 -9999 -9999 -9999 -9999 -9999 -9999 -9999 -9999 -9999 -9999 -9999 -9999 -9999 -9999 -9999 -9999 -9999 -9999 -9999 -9999 -9999 -9999 -9999 -9999 -9999 -9999 -9999 -9999 -9999 -9999 -9999 -9999 -9999 -9999 -9999 9.48282E-3 3.62685E-2 1.82249E-2 1.33154E-2 9.74923E-3 5.80086E-3 3.87988E-3 2.75542E-3 1.55655E-3 9.41306E-4 5.5034E-4 4.76406E-4 4.31611E-4 3.11641E-4 2.28824E-4 1.20699E-4 5.0138E-5 2.70182E-5 1.72263E-5 6.93996E-6 4.58624E-6 1.65954E-6 1.20917E-6 1.53238E-6 1.6372E-6 1.54761E-6 1.85233E-6 1.28602E-6 7.37301E-7 5.16949E-7 4.43555E-7 3.05406E-7 1.84938E-7 1.20437E-7 7.26649E-8 4.90075E-8 3.06705E-8 2.8074E-8
-9999 -9999 -9999 -9999 -9999 -9999 -9999 -9999 -9999 -9999 -9999 -9999 -9999 -9999 -9999 -9999 -9999 -9999 -9999 -9999 -9999 -9999 -9999 -9999 -9999 -9999 -9999 -9999 -9999 -9999 -9999 -9999 -9999 -9999 -9999 -9999 -9999 -9999 2.15604E-2 2.39735E-2 2.14017E-2 1.56689E-2 1.09578E-2 6.95274E-3 4.10589E-3 3.64469E-3 2.20834E-3 1.17363E-3 6.93803E-4 5.26444E-4 5.2485E-4 3.71741E-4 2.27114E-4 1.42469E-4 5.4117E-5 2.5051E-5 1.47054E-5 1.10172E-5 4.88588E-6 1.77754E-6 1.65809E-6 1.81961E-6 1.73768E-6 1.58086E-6 1.48974E-6 1.07543E-6 6.91563E-7 4.60797E-7 3.32912E-7 3.39101E-7 1.75112E-7 9.5503E-8 6.47339E-8 3.9935E-8 2.97963E-8 1.67523E-8
-9999 -9999 -9999 -9999 -9999 -9999 -9999 -9999 -9999 -9999 -9999 -9999 -9999 -9999 -9999 -9999 -9999 -9999 -9999 -9999 -9999 -9999 -9999 -9999 -9999 -9999 -9999 -9999 -9999 -9999 -9999 -9999 -9999 -9999 -9999 -9999 -9999 -9999 -9999 2.17543E-2 1.98344E-2 1.52298E-2 1.24302E-2 9.58391E-3 5.29803E-3 3.28364E-3 2.44797E-3 1.47934E-3 9.00887E-4 6.41553E-4 5.38988E-4 4.14623E-4 2.38234E-4 1.31487E-4 6.15542E-5 2.92403E-5 1.73643E-5 1.17275E-5 4.09607E-6 2.09781E-6 2.08367E-6 2.2035E-6 1.8736E-6 1.49721E-6 1.59966E-6 9.17686E-7 6.20733E-7 4.47031E-7 2.80174E-7 3.00295E-7 1.64335E-7 1.025E-7 5.82076E-8 3.40132E-8 2.61252E-8 2.00593E-8
-9999 -9999 -9999 -9999 -9999 -9999 -9999 -9999 -9999 -9999 -9999 -9999 -9999 -9999 -9999 -9999 -9999 -9999 -9999 -9999 -9999 -9999 -9999 -9999 -9999 -9999 -9999 -9999 -9999 -9999 -9999 -9999 -9999 -9999 -9999 -9999 -9999 -9999 -9999 2.63184E-2 1.97688E-2 1.97634E-2 1.50214E-2 1.0222E-2 5.85622E-3 3.90363E-3 2.64823E-3 1.67849E-3 1.07654E-3 8.61841E-4 6.15574E-4 4.02104E-4 3.26534E-4 2.03584E-4 9.62186E-5 3.57897E-5 1.74681E-5 1.2746E-5 4.68339E-6 2.45794E-6 2.40604E-6 2.04511E-6 1.98859E-6 1.65703E-6 1.50184E-6 8.87314E-7 5.85255E-7 3.70024E-7 2.29319E-7 2.18193E-7 1.45286E-7 9.07424E-8 4.85388E-8 3.60059E-8 2.40281E-8 1.77302E-8
-9999 -9999 -9999 -9999 -9999 -9999 -9999 -9999 -9999 -9999 -9999 -9999 -9999 -9999 -9999 -9999 -9999 -9999 -9999 -9999 -9999 -9999 -9999 -9999 -9999 -9999 -9999 -9999 -9999 -9999 -9999 -9999 -9999 -9999 -9999 -9999 -9999 -9999 -9999 1.09417E-2 3.10842E-2 1.95774E-2 1.54295E-2 1.10056E-2 7.15882E-3 4.15005E-3 2.96122E-3 1.77893E-3 1.29282E-3 8.77312E-4 5.96622E-4 3.99917E-4 2.61235E-4 2.01488E-4 9.94991E-5 5.55917E-5 2.06087E-5 1.20247E-5 9.8128E-6 2.53565E-6 2.38592E-6 2.19948E-6 1.89078E-6 1.92348E-6 1.65596E-6 8.34648E-7 5.67829E-7 3.32374E-7 2.16983E-7 1.88421E-7 1.14104E-7 7.18885E-8 5.27032E-8 3.66439E-8 1.54567E-8 9.08664E-9
-9999 -9999 -9999 -9999 -9999 -9999 -9999 -9999 -9999 -9999 -9999 -9999 -9999 -9999 -9999 -9999 -9999 -9999 -9999 -9999 -9999 -9999 -9999 -9999 -9999 -9999 -9999 -9999 -9999 -9999 -9999 -9999 -9999 -9999 -9999 -9999 -9999 -9999 -9999 1.70193E-2 4.13422E-2 2.24835E-2 2.1563E-2 1.31507E-2 8.66663E-3 4.96797E-3 3.43617E-3 2.30892E-3 1.56002E-3 9.77359E-4 6.41067E-4 4.05749E-4 2.88314E-4 1.88825E-4 1.09301E-4 4.48416E-5 2.47629E-5 1.29941E-5 9.7598E-6 4.61279E-6 2.86791E-6 2.40088E-6 2.09686E-6 1.90314E-6 1.81294E-6 1.02594E-6 4.97853E-7 3.23214E-7 2.43732E-7 1.68787E-7 1.06646E-7 7.35941E-8 4.66459E-8 1.76482E-8 6.74916E-9 4.56658E-9
-9999 -9999 -9999 -9999 -9999 -9999 -9999 -9999 -9999 -9999 -9999 -9999 -9999 -9999 -9999 -9999 -9999 -9999 -9999 -9999 -9999 -9999 -9999 -9999 -9999 -9999 -9999 -9999 -9999 -9999 -9999 -9999 -9999 -9999 -9999 -9999 -9999 -9999 -9999 4.69747E-2 4.31438E-2 3.67975E-2 2.25502E-2 1.32031E-2 9.41971E-3 5.58243E-3 3.41612E-3 2.32793E-3 1.62188E-3 1.09512E-3 7.15107E-4 4.42381E-4 2.65935E-4 2.20597E-4 1.16455E-4 5.50197E-5 3.11874E-5 1.55783E-5 1.01248E-5 5.85373E-6 3.91183E-6 2.27845E-6 1.91627E-6 1.82586E-6 1.59511E-6 8.54459E-7 5.13342E-7 2.86657E-7 2.13469E-7 1.5412E-7 8.80491E-8 5.33567E-8 4.38619E-8 1.11068E-8 6.45305E-9 5.34608E-9
-9999 -9999 -9999 -9999 -9999 -9999 -9999 -9999 -9999 -9999 -9999 -9999 -9999 -9999 -9999 -9999 -9999 -9999 -9999 -9999 -9999 -9999 -9999 -9999 -9999 -9999 -9999 -9999 -9999 -9999 -9999 -9999 -9999 -9999 -9999 -9999 -9999 -9999 -9999 -9999 3.6602E-2 3.67422E-2 2.34056E-2 1.81388E-2 1.03232E-2 5.95525E-3 3.41978E-3 2.53422E-3 1.92279E-3 1.16355E-3 8.35498E-4 6.23601E-4 3.60063E-4 2.75613E-4 1.61394E-4 6.71361E-5 3.31672E-5 1.99054E-5 9.8273E-6 5.69631E-6 5.578E-6 2.98464E-6 1.76336E-6 1.51139E-6 1.30483E-6 8.05044E-7 4.94497E-7 2.59145E-7 1.77239E-7 1.5094E-7 7.86077E-8 6.27816E-8 3.83319E-8 1.25303E-8 6.94229E-9 6.76905E-9
-9999 -9999 -9999 -9999 -9999 -9999 -9999 -9999 -9999 -9999 -9999 -9999 -9999 -9999 -9999 -9999 -9999 -9999 -9999 -9999 -9999 -9999 -9999 -9999 -9999 -9999 -9999 -9999 -9999 -9999 -9999 -9999 -9999 -9999 -9999 -9999 -9999 -9999 -9999 -9999 4.08649E-2 3.02043E-2 2.75068E-2 1.65217E-2 1.46378E-2 8.38423E-3 4.60134E-3 3.10978E-3 2.05759E-3 1.49397E-3 9.97757E-4 6.03694E-4 4.45199E-4 3.48751E-4 1.92419E-4 7.12329E-5 4.06927E-5 1.911E-5 1.01372E-5 5.94088E-6 5.11472E-6 2.6644E-6 1.89416E-6 1.28896E-6 1.29981E-6 7.66238E-7 5.07781E-7 2.87059E-7 1.59641E-7 1.38358E-7 8.45205E-8 6.48556E-8 4.29246E-8 1.53846E-8 7.56869E-9 7.42694E-9
-9999 -9999 -9999 -9999 -9999 -9999 -9999 -9999 -9999 -9999 -9999 -9999 -9999 -9999 -9999 -9999 -9999 -9999 -9999 -9999 -9999 -9999 -9999 -9999 -9999 -9999 -9999 -9999 -9999 -9999 -9999 -9999 -9999 -9999 -9999 -9999 -9999 -9999 -9999 -9999 4.74999E-2 3.78841E-2 4.22863E-2 2.80446E-2 1.68196E-2 1.08974E-2 7.38549E-3 3.62851E-3 2.70821E-3 1.57998E-3 1.12948E-3 7.18526E-4 4.53705E-4 2.66543E-4 2.63826E-4 1.21871E-4 4.69246E-5 2.41309E-5 1.09016E-5 5.81083E-6 3.97489E-6 4.38581E-6 1.50002E-6 1.2679E-6 1.10363E-6 6.68533E-7 4.44377E-7 2.5916E-7 1.43828E-7 1.46386E-7 9.0028E-8 7.15548E-8 1.95157E-8 1.18583E-8 8.37871E-9 7.95546E-9
-9999 -9999 -9999 -9999 -9999 -9999 -9999 -9999 -9999 -9999 -9999 -9999 -9999 -9999 -9999 -9999 -9999 -9999 -9999 -9999 -9999 -9999 -9999 -9999 -9999 -9999 -9999 -9999 -9999 -9999 -9999 -9999 -9999 -9999 -9999 -9999 -9999 -9999 -9999 -9999 -9999 5.59462E-2 -9999 3.72807E-2 3.09286E-2 2.39046E-2 1.21666E-2 6.36625E-3 3.64209E-3 1.86269E-3 1.3001E-3 8.704E-4 4.33712E-4 2.88579E-4 2.58034E-4 1.40693E-4 5.8276E-5 2.26188E-5 1.177E-5 6.21036E-6 4.9324E-6 4.27311E-6 1.50076E-6 1.26971E-6 9.41219E-7 5.97034E-7 4.00884E-7 2.50349E-7 1.43972E-7 1.23848E-7 8.3866E-8 7.33445E-8 1.66908E-8 9.87754E-9 9.06487E-9 8.98086E-9
-9999 -9999 -9999 -9999 -9999 -9999 -9999 -9999 -9999 -9999 -9999 -9999 -9999 -9999 -9999 -9999 -9999 -9999 -9999 -9999 -9999 -9999 -9999 -9999 -9999 -9999 -9999 -9999 -9999 -9999 -9999 -9999 -9999 -9999 -9999 -9999 -9999 -9999 -9999 -9999 -9999 -9999 -9999 3.3539E-2 4.75302E-2 4.21088E-2 2.61545E-2 1.04531E-2 5.2948E-3 2.27875E-3 1.31962E-3 9.92797E-4 5.7607E-4 3.24908E-4 2.31914E-4 1.62901E-4 5.5524E-5 2.71625E-5 1.23288E-5 5.57674E-6 4.99792E-6 3.4899E-6 1.26139E-6 1.02585E-6 8.81998E-7 5.57291E-7 3.70556E-7 2.13495E-7 1.40743E-7 1.06151E-7 8.15206E-8 4.89456E-8 1.5579E-8 9.45627E-9 1.01025E-8 9.33036E-9
-9999 -9999 -9999 -9999 -9999 -9999 -9999 -9999 -9999 -9999 -9999 -9999 -9999 -9999 -9999 -9999 -9999 -9999 -9999 -9999 -9999 -9999 -9999 -9999 -9999 -9999 -9999 -9999 -9999 -9999 -9999 -9999 -9999 -9999 -9999 -9999 -9999 -9999 -9999 -9999 -9999 -9999 -9999 3.13177E-2 3.76504E-2 4.1017E-2 3.46969E-2 2.13284E-2 1.2286E-2 4.12325E-3 1.68463E-3 9.55717E-4 6.19222E-4 3.77706E-4 2.87026E-4 1.8577E-4 7.31085E-5 3.08442E-5 1.38457E-5 7.08673E-6 7.03729E-6 2.68858E-6 1.5486E-6 1.19334E-6 9.36211E-7 6.11855E-7 3.36377E-7 2.0542E-7 1.41019E-7 1.01196E-7 7.37703E-8 2.98793E-8 1.31742E-8 1.18791E-8 1.05581E-8 8.10856E-9
-9999 -9999 -9999 -9999 -9999 -9999 -9999 -9999 -9999 -9999 -9999 -9999 -9999 -9999 -9999 -9999 -9999 -9999 -9999 -9999 -9999 -9999 -9999 -9999 -9999 -9999 -9999 -9999 -9999 -9999 -9999 -9999 -9999 -9999 -9999 -9999 -9999 -9999 -9999 -9999 -9999 -9999 -9999 3.14785E-2 3.24374E-2 3.18484E-2 3.11166E-2 2.92935E-2 1.98916E-2 7.24446E-3 2.23924E-3 1.24128E-3 6.2279E-4 4.18621E-4 2.94423E-4 2.36259E-4 8.74017E-5 3.59916E-5 1.79501E-5 8.22759E-6 7.29471E-6 4.48144E-6 1.73648E-6 1.37452E-6 9.45927E-7 6.27103E-7 4.37712E-7 2.20889E-7 1.37731E-7 1.11926E-7 7.84932E-8 3.99918E-8 1.21847E-8 1.09123E-8 9.10959E-9 6.71243E-9
