data/processed/Maxent_results1/MaxEnt_Output_betamultiplier_1/religiosa_median.asc
ncols         804
nrows         479
xllcorner     -160.716666666667
yllcorner     18.575
cellsize      0.008333333333
NODATA_value  -9999
[rows 340 to 373 of 479, columns 532 to 607 of 804]
-9999 -9999 -9999 -9999 -9999 -9999 -9999 -9999 -9999 -9999 -9999 -9999 -9999 -9999 -9999 -9999 -9999 -9999 -9999 -9999 -9999 -9999 -9999 -9999 -9999 -9999 -9999 9.96445E-1 9.98508E-1 9.90098E-1 8.25091E-1 5.78931E-1 1.24641E-1 6.6455E-2 4.78004E-2 2.57275E-2 1.02762E-2 6.33266E-3 3.83791E-3 2.71252E-3 1.84821E-3 1.01309E-3 4.49563E-4 2.71349E-4 2.18575E-4 1.65091E-4 1.53495E-4 1.47735E-4 1.47619E-4 1.04886E-4 7.24999E-5 6.96415E-5 5.17044E-5 3.35186E-5 2.48756E-5 2.46573E-5 2.10746E-5 1.82574E-5 1.57279E-5 1.10313E-5 1.04247E-5 8.47504E-6 8.96348E-6 8.52706E-6 7.37286E-6 7.72856E-6 6.64652E-6 4.4133E-6 6.8098E-6 7.19402E-6 6.94563E-6 4.25162E-6 3.36741E-6 2.53419E-6 1.98829E-6 1.48168E-6
-9999 -9999 -9999 -9999 -9999 -9999 -9999 -9999 -9999 -9999 -9999 -9999 -9999 -9999 -9999 -9999 -9999 -9999 -9999 -9999 -9999 -9999 -9999 -9999 -9999 -9999 -9999 9.74491E-1 9.9691E-1 9.95436E-1 9.27103E-1 4.76855E-1 1.56524E-1 8.35222E-2 5.41097E-2 2.7403E-2 1.12314E-2 6.50142E-3 3.49005E-3 2.73297E-3 1.73866E-3 1.02101E-3 3.93635E-4 1.91764E-4 1.3223E-4 9.1331E-5 8.44841E-5 9.77413E-5 8.62812E-5 9.28701E-5 7.69619E-5 4.37065E-5 2.90523E-5 1.73584E-5 1.35702E-5 1.17131E-5 1.04243E-5 8.94507E-6 6.16797E-6 5.4746E-6 6.34968E-6 5.85002E-6 3.62931E-6 3.50455E-6 2.82287E-6 3.97885E-6 5.09737E-6 4.82914E-6 5.03136E-6 4.56214E-6 4.01799E-6 2.90579E-6 2.2309E-6 1.80368E-6 1.62902E-6 1.13975E-6
-9999 -9999 -9999 -9999 -9999 -9999 -9999 -9999 -9999 -9999 -9999 -9999 -9999 -9999 -9999 -9999 -9999 -9999 -9999 -9999 -9999 -9999 -9999 -9999 -9999 -9999 -9999 -9999 9.80407E-1 9.89902E-1 9.11554E-1 4.73308E-1 2.00226E-1 1.17159E-1 5.995E-2 3.60346E-2 1.58229E-2 7.53884E-3 3.56063E-3 3.23931E-3 1.96862E-3 1.32345E-3 6.28869E-4 2.13688E-4 1.20721E-4 5.04304E-5 4.18189E-5 3.61954E-5 3.5785E-5 3.5759E-5 5.02073E-5 2.67052E-5 1.35751E-5 6.8704E-6 5.3912E-6 4.82818E-6 4.98224E-6 4.99153E-6 3.57767E-6 4.05914E-6 3.80919E-6 3.05039E-6 3.00892E-6 1.61731E-6 1.34243E-6 2.38673E-6 3.32318E-6 3.18885E-6 3.01354E-6 3.32489E-6 2.25471E-6 2.20128E-6 1.57984E-6 1.35264E-6 1.35873E-6 7.22082E-7
-9999 -9999 -9999 -9999 -9999 -9999 -9999 -9999 -9999 -9999 -9999 -9999 -9999 -9999 -9999 -9999 -9999 -9999 -9999 -9999 -9999 -9999 -9999 -9999 -9999 -9999 -9999 -9999 9.44318E-1 9.81539E-1 9.68726E-1 7.41922E-1 2.75641E-1 1.48926E-1 8.54328E-2 4.83219E-2 1.90025E-2 7.71568E-3 4.83473E-3 3.54627E-3 2.01746E-3 1.54803E-3 8.93853E-4 4.1285E-4 1.82405E-4 6.16171E-5 3.73711E-5 3.01069E-5 2.16804E-5 2.711E-5 3.63101E-5 2.52136E-5 9.91151E-6 4.06695E-6 2.70897E-6 2.39861E-6 2.14445E-6 2.40149E-6 2.43852E-6 1.34772E-6 7.55628E-7 7.02383E-7 7.99051E-7 9.34501E-7 8.16605E-7 1.04765E-6 1.62989E-6 1.72066E-6 2.41478E-6 2.58766E-6 2.08203E-6 1.54917E-6 8.92583E-7 7.14265E-7 7.25372E-7 5.57009E-7
-9999 -9999 -9999 -9999 -9999 -9999 -9999 -9999 -9999 -9999 -9999 -9999 -9999 -9999 -9999 -9999 -9999 -9999 -9999 -9999 -9999 -9999 -9999 -9999 -9999 -9999 -9999 -9999 8.28416E-1 9.45205E-1 9.64751E-1 7.98708E-1 3.5104E-1 2.35565E-1 1.23914E-1 6.67097E-2 3.36251E-2 1.02343E-2 5.20318E-3 4.42949E-3 2.77687E-3 2.211E-3 1.55526E-3 5.91402E-4 2.17963E-4 5.30379E-5 5.41454E-5 3.76614E-5 1.35671E-5 1.60799E-5 2.1477E-5 1.82578E-5 4.55412E-6 2.61803E-6 1.95884E-6 1.58485E-6 1.60996E-6 1.22852E-6 1.12101E-6 2.4689E-7 3.12591E-7 3.63595E-7 3.48027E-7 4.09161E-7 4.45159E-7 6.47009E-7 6.28516E-7 9.40353E-7 1.43868E-6 1.52624E-6 1.5972E-6 9.9572E-7 8.41503E-7 5.36836E-7 4.27592E-7 3.36242E-7
-9999 -9999 -9999 -9999 -9999 -9999 -9999 -9999 -9999 -9999 -9999 -9999 -9999 -9999 -9999 -9999 -9999 -9999 -9999 -9999 -9999 -9999 -9999 -9999 -9999 -9999 -9999 -9999 -9999 -9999 9.73148E-1 8.78562E-1 4.46607E-1 2.85329E-1 1.39388E-1 9.12573E-2 3.66412E-2 1.41458E-2 7.43315E-3 5.31177E-3 3.40065E-3 2.53836E-3 1.88048E-3 1.00096E-3 4.8172E-4 1.78604E-4 6.26638E-5 3.13668E-5 1.76528E-5 1.83294E-5 1.91557E-5 2.59589E-5 9.40048E-6 3.37904E-6 1.91768E-6 1.38374E-6 9.61035E-7 1.16185E-6 4.56622E-7 1.9933E-7 1.98276E-7 2.8247E-7 3.01765E-7 3.66586E-7 2.96844E-7 4.80654E-7 5.0083E-7 7.45017E-7 1.03035E-6 1.33787E-6 1.52781E-6 1.3761E-6 8.56711E-7 5.93391E-7 4.24336E-7 3.90713E-7
-9999 -9999 -9999 -9999 -9999 -9999 -9999 -9999 -9999 -9999 -9999 -9999 -9999 -9999 -9999 -9999 -9999 -9999 -9999 -9999 -9999 -9999 -9999 -9999 -9999 -9999 -9999 -9999 -9999 -9999 9.59001E-1 9.2417E-1 5.92395E-1 2.90922E-1 1.49922E-1 9.72172E-2 5.12083E-2 1.9945E-2 1.09368E-2 5.77307E-3 4.44235E-3 3.16534E-3 2.59576E-3 1.70568E-3 7.38195E-4 2.62014E-4 1.2597E-4 5.41004E-5 3.27838E-5 2.92401E-5 4.33107E-5 3.01822E-5 6.91031E-6 3.49044E-6 2.48682E-6 1.63202E-6 1.28772E-6 9.73933E-7 4.55059E-7 1.811E-7 1.61076E-7 2.37909E-7 2.67138E-7 1.90381E-7 2.07806E-7 3.76782E-7 5.22107E-7 6.95233E-7 9.77493E-7 1.27647E-6 1.33596E-6 1.07375E-6 8.28812E-7 6.29695E-7 3.70535E-7 3.43553E-7
-9999 -9999 -9999 -9999 -9999 -9999 -9999 -9999 -9999 -9999 -9999 -9999 -9999 -9999 -9999 -9999 -9999 -9999 -9999 -9999 -9999 -9999 -9999 -9999 -9999 -9999 -9999 -9999 -9999 -9999 -9999 8.70137E-1 7.63896E-1 4.00277E-1 1.68379E-1 1.08955E-1 6.53679E-2 3.12259E-2 1.73093E-2 8.51226E-3 4.56465E-3 3.69187E-3 2.80905E-3 2.06444E-3 9.92569E-4 4.95027E-4 2.00587E-4 1.48426E-4 6.34656E-5 7.55764E-5 4.92163E-5 2.61273E-5 1.16414E-5 4.76449E-6 2.61242E-6 2.09165E-6 1.28022E-6 1.00525E-6 4.51772E-7 1.42999E-7 1.79649E-7 2.04784E-7 2.06456E-7 1.84511E-7 1.99266E-7 3.41315E-7 6.87649E-7 1.03025E-6 1.047E-6 1.28607E-6 1.27582E-6 9.92452E-7 7.66561E-7 6.29234E-7 4.54086E-7 3.43139E-7
-9999 -9999 -9999 -9999 -9999 -9999 -9999 -9999 -9999 -9999 -9999 -9999 -9999 -9999 -9999 -9999 -9999 -9999 -9999 -9999 -9999 -9999 -9999 -9999 -9999 -9999 -9999 -9999 -9999 -9999 9.66262E-1 8.99564E-1 7.37999E-1 5.02002E-1 2.16583E-1 1.26515E-1 8.1539E-2 4.8384E-2 2.07736E-2 1.26663E-2 7.01991E-3 4.25606E-3 3.11554E-3 1.95845E-3 1.21316E-3 6.96601E-4 3.95436E-4 2.1758E-4 1.69371E-4 1.45522E-4 4.89268E-5 2.24101E-5 1.23962E-5 6.30423E-6 4.20641E-6 1.89139E-6 1.62445E-6 1.0901E-6 2.97841E-7 1.29171E-7 1.04074E-7 1.42958E-7 1.68985E-7 1.85089E-7 1.71988E-7 2.63355E-7 6.72316E-7 6.95057E-7 1.2113E-6 1.43164E-6 1.35131E-6 1.03161E-6 8.65311E-7 6.69772E-7 5.24825E-7 3.62647E-7
-9999 -9999 -9999 -9999 -9999 -9999 -9999 -9999 -9999 -9999 -9999 -9999 -9999 -9999 -9999 -9999 -9999 -9999 -9999 -9999 -9999 -9999 -9999 -9999 -9999 -9999 -9999 -9999 -9999 -9999 9.56166E-1 8.94541E-1 7.90944E-1 5.72522E-1 2.60885E-1 1.6601E-1 1.15703E-1 6.71327E-2 3.49476E-2 1.44918E-2 1.03368E-2 5.11543E-3 3.24237E-3 2.25293E-3 1.23511E-3 8.38158E-4 5.39548E-4 3.72186E-4 2.11255E-4 1.29465E-4 8.76252E-5 2.91162E-5 1.58245E-5 8.46432E-6 5.16044E-6 2.75892E-6 1.61062E-6 1.02063E-6 2.39926E-7 1.07918E-7 1.21022E-7 1.15353E-7 1.44873E-7 1.77272E-7 1.75497E-7 2.53593E-7 5.72377E-7 1.13389E-6 1.38284E-6 1.15191E-6 1.15373E-6 1.03607E-6 8.25484E-7 6.69579E-7 5.31391E-7 4.106E-7
-9999 -9999 -9999 -9999 -9999 -9999 -9999 -9999 -9999 -9999 -9999 -9999 -9999 -9999 -9999 -9999 -9999 -9999 -9999 -9999 -9999 -9999 -9999 -9999 -9999 -9999 -9999 -9999 -9999 -9999 -9999 -9999 5.88692E-1 6.28574E-1 4.32179E-1 2.67424E-1 1.61287E-1 9.61379E-2 7.05581E-2 2.21223E-2 1.1415E-2 7.59555E-3 3.6196E-3 2.48014E-3 1.876E-3 1.32323E-3 5.43864E-4 3.96964E-4 2.86544E-4 1.44386E-4 8.17989E-5 3.4442E-5 2.28281E-5 1.23363E-5 6.12554E-6 3.1118E-6 1.98514E-6 1.09005E-6 2.51055E-7 1.19507E-7 1.44594E-7 1.19081E-7 1.69556E-7 1.64515E-7 2.11419E-7 3.06516E-7 6.02788E-7 5.92283E-7 1.0861E-6 1.13628E-6 9.35796E-7 7.55445E-7 6.58021E-7 5.44949E-7 4.60248E-7 3.28498E-7
-9999 -9999 -9999 -9999 -9999 -9999 -9999 -9999 -9999 -9999 -9999 -9999 -9999 -9999 -9999 -9999 -9999 -9999 -9999 -9999 -9999 -9999 -9999 -9999 -9999 -9999 -9999 -9999 -9999 -9999 -9999 -9999 -9999 -9999 -9999 4.62017E-1 2.24222E-1 1.66932E-1 1.01746E-1 4.26775E-2 1.89051E-2 7.1456E-3 4.6145E-3 2.74605E-3 1.583E-3 1.39124E-3 7.57386E-4 5.93085E-4 3.45032E-4 1.89875E-4 8.94991E-5 6.40793E-5 3.32226E-5 1.65474E-5 8.60567E-6 4.85165E-6 2.93514E-6 1.37262E-6 4.92899E-7 1.29488E-7 1.48369E-7 2.04238E-7 2.53399E-7 3.96245E-7 4.34139E-7 5.63354E-7 7.37923E-7 9.05768E-7 9.25575E-7 8.73188E-7 5.58244E-7 5.29403E-7 4.13172E-7 3.46714E-7 3.06919E-7 2.31884E-7
-9999 -9999 -9999 -9999 -9999 -9999 -9999 -9999 -9999 -9999 -9999 -9999 -9999 -9999 -9999 -9999 -9999 -9999 -9999 -9999 -9999 -9999 -9999 -9999 -9999 -9999 -9999 -9999 -9999 -9999 -9999 -9999 -9999 -9999 -9999 5.0906E-1 3.16924E-1 2.4692E-1 1.53393E-1 4.85316E-2 2.27059E-2 9.8275E-3 6.63727E-3 4.20263E-3 2.09072E-3 1.47794E-3 1.02227E-3 7.18007E-4 4.75243E-4 2.3984E-4 1.39929E-4 8.97343E-5 4.89568E-5 2.50563E-5 1.46702E-5 4.85118E-6 3.22339E-6 1.83351E-6 5.49849E-7 1.58339E-7 2.30944E-7 3.26773E-7 4.3964E-7 6.20534E-7 7.87234E-7 7.27442E-7 8.33423E-7 9.64124E-7 7.28971E-7 7.06898E-7 5.09041E-7 3.03085E-7 2.92018E-7 2.51482E-7 2.29005E-7 1.83013E-7
-9999 -9999 -9999 -9999 -9999 -9999 -9999 -9999 -9999 -9999 -9999 -9999 -9999 -9999 -9999 -9999 -9999 -9999 -9999 -9999 -9999 -9999 -9999 -9999 -9999 -9999 -9999 -9999 -9999 -9999 -9999 -9999 -9999 -9999 -9999 -9999 4.30721E-1 3.38597E-1 1.80509E-1 6.78802E-2 4.19553E-2 1.4305E-2 7.00062E-3 3.95363E-3 2.43118E-3 1.80873E-3 1.30966E-3 8.06959E-4 6.1008E-4 4.28043E-4 2.49619E-4 1.35549E-4 7.34949E-5 4.14793E-5 1.78972E-5 1.11313E-5 3.69052E-6 2.34202E-6 8.57647E-7 2.37847E-7 3.14794E-7 5.54232E-7 8.4769E-7 9.34837E-7 1.14739E-6 8.01637E-7 9.54944E-7 9.25853E-7 7.11196E-7 4.32504E-7 5.23332E-7 4.36932E-7 2.62301E-7 2.13223E-7 1.74464E-7 1.2636E-7
-9999 -9999 -9999 -9999 -9999 -9999 -9999 -9999 -9999 -9999 -9999 -9999 -9999 -9999 -9999 -9999 -9999 -9999 -9999 -9999 -9999 -9999 -9999 -9999 -9999 -9999 -9999 -9999 -9999 -9999 -9999 -9999 -9999 -9999 -9999 -9999 5.36552E-1 4.77949E-1 2.90574E-1 1.19841E-1 4.16605E-2 2.66411E-2 9.19426E-3 5.47806E-3 3.86281E-3 2.59501E-3 1.58038E-3 1.01697E-3 7.61844E-4 4.75419E-4 3.37307E-4 1.94524E-4 1.24105E-4 7.18471E-5 2.63388E-5 1.32365E-5 2.95515E-6 2.32315E-6 1.15166E-6 4.62865E-7 5.94463E-7 1.13602E-6 1.23058E-6 1.50425E-6 1.60308E-6 1.20756E-6 1.14594E-6 9.39994E-7 5.09734E-7 3.54904E-7 2.63491E-7 2.78049E-7 2.64405E-7 1.47779E-7 1.20124E-7 9.9265E-8
-9999 -9999 -9999 -9999 -9999 -9999 -9999 -9999 -9999 -9999 -9999 -9999 -9999 -9999 -9999 -9999 -9999 -9999 -9999 -9999 -9999 -9999 -9999 -9999 -9999 -9999 -9999 -9999 -9999 -9999 -9999 -9999 -9999 -9999 -9999 -9999 -9999 4.51336E-1 3.77159E-1 1.45644E-1 6.2996E-2 2.75831E-2 1.43343E-2 7.14799E-3 3.90704E-3 2.45565E-3 1.5537E-3 1.06597E-3 8.47384E-4 6.30474E-4 4.53055E-4 3.64499E-4 2.37818E-4 1.10844E-4 4.24791E-5 1.82648E-5 9.51926E-6 1.62643E-6 1.60842E-6 7.40245E-7 1.01731E-6 1.3318E-6 1.91098E-6 1.65779E-6 1.85954E-6 1.41828E-6 1.16034E-6 7.31551E-7 5.44896E-7 2.75946E-7 2.15546E-7 3.06381E-7 2.11474E-7 1.38532E-7 9.96167E-8 7.73879E-8
-9999 -9999 -9999 -9999 -9999 -9999 -9999 -9999 -9999 -9999 -9999 -9999 -9999 -9999 -9999 -9999 -9999 -9999 -9999 -9999 -9999 -9999 -9999 -9999 -9999 -9999 -9999 -9999 -9999 -9999 -9999 -9999 -9999 -9999 -9999 -9999 -9999 3.38914E-1 4.00748E-1 1.7111E-1 9.07261E-2 2.63279E-2 2.05183E-2 7.19839E-3 4.91081E-3 2.73516E-3 1.70464E-3 1.11316E-3 8.02737E-4 7.06789E-4 5.48698E-4 3.8585E-4 2.03483E-4 1.04765E-4 4.96725E-5 1.89742E-5 8.9856E-6 1.25493E-6 1.92365E-6 1.16073E-6 1.27978E-6 1.38925E-6 1.6488E-6 1.69113E-6 1.7237E-6 1.42281E-6 1.13625E-6 7.44918E-7 4.19731E-7 2.49071E-7 2.33353E-7 2.11799E-7 1.78517E-7 1.40851E-7 9.67828E-8 5.25485E-8
-9999 -9999 -9999 -9999 -9999 -9999 -9999 -9999 -9999 -9999 -9999 -9999 -9999 -9999 -9999 -9999 -9999 -9999 -9999 -9999 -9999 -9999 -9999 -9999 -9999 -9999 -9999 -9999 -9999 -9999 -9999 -9999 -9999 -9999 -9999 -9999 -9999 3.87807E-1 4.54668E-1 2.02816E-1 9.74321E-2 3.65759E-2 1.5702E-2 1.01546E-2 5.40302E-3 3.41442E-3 2.01663E-3 1.15658E-3 8.00319E-4 9.68059E-4 6.56932E-4 3.24288E-4 1.75323E-4 1.12468E-4 4.90342E-5 3.21641E-5 1.02156E-5 2.91313E-6 2.00681E-6 1.35902E-6 1.38463E-6 1.77234E-6 1.88994E-6 2.26415E-6 2.23916E-6 1.4739E-6 9.65479E-7 6.41011E-7 4.30876E-7 3.20805E-7 2.08E-7 2.07539E-7 1.63071E-7 1.36804E-7 1.08987E-7 5.48203E-8
-9999 -9999 -9999 -9999 -9999 -9999 -9999 -9999 -9999 -9999 -9999 -9999 -9999 -9999 -9999 -9999 -9999 -9999 -9999 -9999 -9999 -9999 -9999 -9999 -9999 -9999 -9999 -9999 -9999 -9999 -9999 -9999 -9999 -9999 -9999 -9999 -9999 -9999 4.41381E-1 1.97929E-1 1.0393E-1 5.16798E-2 2.23887E-2 1.30058E-2 7.59549E-3 4.22656E-3 2.12465E-3 1.3421E-3 1.2467E-3 9.98774E-4 7.78368E-4 4.40498E-4 2.98132E-4 1.45663E-4 6.10629E-5 2.76874E-5 1.43374E-5 5.07867E-6 2.67131E-6 1.65069E-6 1.67134E-6 1.62117E-6 2.01035E-6 1.96057E-6 2.44017E-6 1.62295E-6 1.12685E-6 7.96696E-7 4.35435E-7 3.18179E-7 2.22347E-7 1.38131E-7 1.44836E-7 1.09762E-7 6.29113E-8 4.71395E-8
-9999 -9999 -9999 -9999 -9999 -9999 -9999 -9999 -9999 -9999 -9999 -9999 -9999 -9999 -9999 -9999 -9999 -9999 -9999 -9999 -9999 -9999 -9999 -9999 -9999 -9999 -9999 -9999 -9999 -9999 -9999 -9999 -9999 -9999 -9999 -9999 -9999 -9999 3.67453E-1 2.28128E-1 1.05835E-1 7.05004E-2 3.3206E-2 1.73391E-2 1.05828E-2 4.71196E-3 2.97838E-3 2.20636E-3 1.12864E-3 1.06736E-3 8.14309E-4 5.80233E-4 3.34239E-4 1.65434E-4 6.34354E-5 3.56334E-5 1.5122E-5 7.17554E-6 3.31231E-6 2.55143E-6 2.21247E-6 1.93036E-6 2.05822E-6 2.24557E-6 2.1448E-6 1.46833E-6 8.76725E-7 7.25072E-7 5.7178E-7 3.79961E-7 2.51536E-7 1.26625E-7 1.0888E-7 9.50351E-8 5.24495E-8 2.69319E-8
-9999 -9999 -9999 -9999 -9999 -9999 -9999 -9999 -9999 -9999 -9999 -9999 -9999 -9999 -9999 -9999 -9999 -9999 -9999 -9999 -9999 -9999 -9999 -9999 -9999 -9999 -9999 -9999 -9999 -9999 -9999 -9999 -9999 -9999 -9999 -9999 -9999 -9999 2.66716E-1 2.88591E-1 1.30026E-1 7.04384E-2 3.71616E-2 1.9847E-2 1.11091E-2 7.0534E-3 4.15324E-3 2.3777E-3 1.28904E-3 1.19667E-3 9.59947E-4 5.76508E-4 4.19811E-4 2.1048E-4 7.98375E-5 4.04026E-5 2.02274E-5 9.55185E-6 6.12717E-6 2.43438E-6 2.24658E-6 2.36645E-6 2.2086E-6 2.06405E-6 2.36452E-6 1.67839E-6 8.44908E-7 5.68286E-7 5.34894E-7 3.45425E-7 2.04148E-7 1.28274E-7 8.85625E-8 6.69719E-8 3.46795E-8 2.62575E-8
-9999 -9999 -9999 -9999 -9999 -9999 -9999 -9999 -9999 -9999 -9999 -9999 -9999 -9999 -9999 -9999 -9999 -9999 -9999 -9999 -9999 -9999 -9999 -9999 -9999 -9999 -9999 -9999 -9999 -9999 -9999 -9999 -9999 -9999 -9999 -9999 -9999 -9999 2.44137E-1 2.94201E-1 1.5601E-1 7.79845E-2 4.14802E-2 2.15006E-2 1.33305E-2 1.04044E-2 6.02974E-3 3.05363E-3 1.6981E-3 1.23663E-3 1.18387E-3 6.66433E-4 3.9408E-4 2.53079E-4 8.69644E-5 3.74393E-5 2.06616E-5 1.20982E-5 6.68073E-6 2.6899E-6 2.32979E-6 2.68615E-6 2.31938E-6 1.98133E-6 2.0286E-6 1.38333E-6 8.2847E-7 4.83636E-7 4.06901E-7 3.9702E-7 1.87391E-7 1.11176E-7 7.38234E-8 5.11047E-8 3.69086E-8 1.86367E-8
-9999 -9999 -9999 -9999 -9999 -9999 -9999 -9999 -9999 -9999 -9999 -9999 -9999 -9999 -9999 -9999 -9999 -9999 -9999 -9999 -9999 -9999 -9999 -9999 -9999 -9999 -9999 -9999 -9999 -9999 -9999 -9999 -9999 -9999 -9999 -9999 -9999 -9999 -9999 2.53185E-1 1.78756E-1 9.31455E-2 5.02295E-2 3.00692E-2 1.52087E-2 1.10499E-2 7.93145E-3 4.39041E-3 2.41188E-3 1.60696E-3 1.17435E-3 8.36803E-4 4.15573E-4 2.23003E-4 9.89351E-5 4.79661E-5 2.337E-5 1.39652E-5 6.11194E-6 2.75059E-6 2.67935E-6 2.69602E-6 2.31727E-6 1.94643E-6 2.0713E-6 1.27111E-6 7.72889E-7 4.85309E-7 3.25944E-7 3.43409E-7 1.71514E-7 1.09298E-7 7.06413E-8 4.14513E-8 3.22343E-8 2.17755E-8
-9999 -9999 -9999 -9999 -9999 -9999 -9999 -9999 -9999 -9999 -9999 -9999 -9999 -9999 -9999 -9999 -9999 -9999 -9999 -9999 -9999 -9999 -9999 -9999 -9999 -9999 -9999 -9999 -9999 -9999 -9999 -9999 -9999 -9999 -9999 -9999 -9999 -9999 -9999 3.16387E-1 1.76193E-1 1.12909E-1 5.94665E-2 3.19694E-2 1.72413E-2 1.10212E-2 7.74871E-3 4.75659E-3 2.76888E-3 2.09033E-3 1.31294E-3 7.35184E-4 5.77515E-4 3.54161E-4 1.60532E-4 5.67088E-5 2.39731E-5 1.50169E-5 6.10301E-6 3.25576E-6 2.92083E-6 2.57105E-6 2.3541E-6 2.14457E-6 1.97569E-6 1.14811E-6 7.54888E-7 4.40722E-7 2.9044E-7 2.51218E-7 1.39151E-7 1.00489E-7 6.29102E-8 5.0156E-8 3.16153E-8 1.77944E-8
-9999 -9999 -9999 -9999 -9999 -9999 -9999 -9999 -9999 -9999 -9999 -9999 -9999 -9999 -9999 -9999 -9999 -9999 -9999 -9999 -9999 -9999 -9999 -9999 -9999 -9999 -9999 -9999 -9999 -9999 -9999 -9999 -9999 -9999 -9999 -9999 -9999 -9999 -9999 2.35163E-1 2.62219E-1 1.31662E-1 7.09282E-2 3.41737E-2 2.02633E-2 1.17211E-2 7.73699E-3 4.6161E-3 3.34758E-3 1.901E-3 1.1492E-3 7.58964E-4 4.78185E-4 3.55561E-4 1.70767E-4 8.9268E-5 2.94739E-5 1.57818E-5 1.39265E-5 3.66626E-6 2.98411E-6 2.53589E-6 2.26269E-6 2.3468E-6 2.0819E-6 1.08193E-6 6.77429E-7 3.87249E-7 2.67048E-7 2.02901E-7 1.08851E-7 6.60853E-8 6.41676E-8 4.1809E-8 2.19552E-8 1.27528E-8
-9999 -9999 -9999 -9999 -9999 -9999 -9999 -9999 -9999 -9999 -9999 -9999 -9999 -9999 -9999 -9999 -9999 -9999 -9999 -9999 -9999 -9999 -9999 -9999 -9999 -9999 -9999 -9999 -9999 -9999 -9999 -9999 -9999 -9999 -9999 -9999 -9999 -9999 -9999 2.37025E-1 3.31057E-1 1.62237E-1 8.57652E-2 3.87637E-2 2.45184E-2 1.20507E-2 9.46568E-3 5.66026E-3 3.68224E-3 1.99949E-3 1.27492E-3 7.61379E-4 5.51653E-4 3.44579E-4 1.73013E-4 6.24976E-5 3.23976E-5 1.69838E-5 1.13265E-5 6.117E-6 3.56578E-6 2.98265E-6 2.48358E-6 2.21097E-6 2.19571E-6 1.22259E-6 6.53496E-7 3.51186E-7 2.64698E-7 1.7569E-7 1.00252E-7 8.96362E-8 5.5554E-8 2.58925E-8 1.18498E-8 7.75045E-9
-9999 -9999 -9999 -9999 -9999 -9999 -9999 -9999 -9999 -9999 -9999 -9999 -9999 -9999 -9999 -9999 -9999 -9999 -9999 -9999 -9999 -9999 -9999 -9999 -9999 -9999 -9999 -9999 -9999 -9999 -9999 -9999 -9999 -9999 -9999 -9999 -9999 -9999 -9999 2.67902E-1 3.61171E-1 1.75998E-1 8.20392E-2 3.88117E-2 2.45704E-2 1.31429E-2 7.78496E-3 5.33072E-3 3.55477E-3 2.24602E-3 1.41055E-3 8.1374E-4 4.67768E-4 4.04287E-4 2.02914E-4 8.54971E-5 4.28377E-5 1.98141E-5 1.16899E-5 7.89556E-6 5.25205E-6 2.90792E-6 2.41914E-6 2.24334E-6 1.85326E-6 1.05286E-6 6.16389E-7 3.15088E-7 2.10328E-7 1.56519E-7 8.92387E-8 5.67047E-8 5.24522E-8 2.01746E-8 1.12294E-8 7.57219E-9
-9999 -9999 -9999 -9999 -9999 -9999 -9999 -9999 -9999 -9999 -9999 -9999 -9999 -9999 -9999 -9999 -9999 -9999 -9999 -9999 -9999 -9999 -9999 -9999 -9999 -9999 -9999 -9999 -9999 -9999 -9999 -9999 -9999 -9999 -9999 -9999 -9999 -9999 -9999 -9999 3.1177E-1 2.11439E-1 1.0195E-1 5.97428E-2 2.83457E-2 1.58609E-2 7.53932E-3 5.65336E-3 4.31262E-3 2.42369E-3 1.71222E-3 1.2437E-3 6.65898E-4 5.07972E-4 2.90595E-4 1.16988E-4 4.89639E-5 2.56655E-5 1.16855E-5 6.04454E-6 7.61224E-6 3.76968E-6 2.19225E-6 1.87389E-6 1.62385E-6 9.43231E-7 5.66568E-7 3.13917E-7 1.90593E-7 1.62778E-7 9.03673E-8 7.57244E-8 4.99489E-8 2.37962E-8 1.21981E-8 9.39997E-9
-9999 -9999 -9999 -9999 -9999 -9999 -9999 -9999 -9999 -9999 -9999 -9999 -9999 -9999 -9999 -9999 -9999 -9999 -9999 -9999 -9999 -9999 -9999 -9999 -9999 -9999 -9999 -9999 -9999 -9999 -9999 -9999 -9999 -9999 -9999 -9999 -9999 -9999 -9999 -9999 2.44106E-1 2.01113E-1 1.27144E-1 6.20265E-2 4.21218E-2 2.15547E-2 1.04561E-2 7.00504E-3 4.40622E-3 3.36064E-3 2.2998E-3 1.31723E-3 1.00733E-3 8.37571E-4 3.45179E-4 1.18528E-4 5.9956E-5 2.53878E-5 1.24911E-5 6.88291E-6 6.70526E-6 3.69045E-6 2.37495E-6 1.62367E-6 1.6055E-6 8.69508E-7 5.62321E-7 3.27509E-7 1.70935E-7 1.4968E-7 8.37639E-8 7.32205E-8 4.79745E-8 2.69532E-8 1.35596E-8 1.11577E-8
-9999 -9999 -9999 -9999 -9999 -9999 -9999 -9999 -9999 -9999 -9999 -9999 -9999 -9999 -9999 -9999 -9999 -9999 -9999 -9999 -9999 -9999 -9999 -9999 -9999 -9999 -9999 -9999 -9999 -9999 -9999 -9999 -9999 -9999 -9999 -9999 -9999 -9999 -9999 -9999 2.42342E-1 2.85356E-1 2.22076E-1 1.18392E-1 5.37954E-2 3.12054E-2 1.93122E-2 8.0482E-3 6.32773E-3 3.80119E-3 2.83382E-3 1.88246E-3 1.11186E-3 6.29471E-4 5.8977E-4 2.16364E-4 7.40687E-5 3.26E-5 1.29054E-5 6.72612E-6 4.65255E-6 5.40713E-6 1.96599E-6 1.54664E-6 1.27813E-6 7.57829E-7 4.81669E-7 3.08327E-7 1.7874E-7 1.55162E-7 8.76295E-8 7.34566E-8 3.44698E-8 2.22043E-8 1.29981E-8 1.04731E-8
-9999 -9999 -9999 -9999 -9999 -9999 -9999 -9999 -9999 -9999 -9999 -9999 -9999 -9999 -9999 -9999 -9999 -9999 -9999 -9999 -9999 -9999 -9999 -9999 -9999 -9999 -9999 -9999 -9999 -9999 -9999 -9999 -9999 -9999 -9999 -9999 -9999 -9999 -9999 -9999 -9999 1.70832E-1 -9999 3.55652E-1 1.66776E-1 8.78369E-2 3.41873E-2 1.48983E-2 8.61715E-3 4.67088E-3 3.57238E-3 2.36363E-3 1.04548E-3 6.67087E-4 6.08749E-4 2.44763E-4 1.01779E-4 3.32544E-5 1.45719E-5 7.15651E-6 5.12875E-6 5.28302E-6 1.89754E-6 1.55965E-6 1.11292E-6 6.84043E-7 4.52336E-7 2.80012E-7 1.66783E-7 1.32864E-7 8.17719E-8 8.21591E-8 3.27012E-8 1.64679E-8 1.32746E-8 1.04414E-8
-9999 -9999 -9999 -9999 -9999 -9999 -9999 -9999 -9999 -9999 -9999 -9999 -9999 -9999 -9999 -9999 -9999 -9999 -9999 -9999 -9999 -9999 -9999 -9999 -9999 -9999 -9999 -9999 -9999 -9999 -9999 -9999 -9999 -9999 -9999 -9999 -9999 -9999 -9999 -9999 -9999 -9999 -9999 2.91715E-1 4.46035E-1 2.44738E-1 9.94167E-2 2.7027E-2 1.26066E-2 5.82032E-3 3.57496E-3 2.89555E-3 1.45923E-3 7.53685E-4 5.45656E-4 2.89965E-4 9.16838E-5 3.9274E-5 1.53851E-5 7.25162E-6 7.11493E-6 4.66148E-6 1.70458E-6 1.22859E-6 1.03294E-6 6.2167E-7 4.00009E-7 2.47186E-7 1.61064E-7 1.22747E-7 8.27172E-8 7.62415E-8 2.98339E-8 1.72354E-8 1.41408E-8 1.08748E-8
-9999 -9999 -9999 -9999 -9999 -9999 -9999 -9999 -9999 -9999 -9999 -9999 -9999 -9999 -9999 -9999 -9999 -9999 -9999 -9999 -9999 -9999 -9999 -9999 -9999 -9999 -9999 -9999 -9999 -9999 -9999 -9999 -9999 -9999 -9999 -9999 -9999 -9999 -9999 -9999 -9999 -9999 -9999 3.07138E-1 4.39941E-1 2.97297E-1 1.70905E-1 7.316E-2 4.26075E-2 1.20127E-2 4.74122E-3 2.47098E-3 1.5208E-3 8.96478E-4 6.83152E-4 3.717E-4 1.24349E-4 4.67673E-5 1.81076E-5 1.04275E-5 9.39761E-6 3.5056E-6 2.02402E-6 1.45035E-6 1.12335E-6 7.02223E-7 3.89654E-7 2.45693E-7 1.64068E-7 1.13618E-7 7.25317E-8 5.20764E-8 2.48471E-8 1.79286E-8 1.40211E-8 9.67651E-9
-9999 -9999 -9999 -9999 -9999 -9999 -9999 -9999 -9999 -9999 -9999 -9999 -9999 -9999 -9999 -9999 -9999 -9999 -9999 -9999 -9999 -9999 -9999 -9999 -9999 -9999 -9999 -9999 -9999 -9999 -9999 -9999 -9999 -9999 -9999 -9999 -9999 -9999 -9999 -9999 -9999 -9999 -9999 2.13867E-1 4.05322E-1 3.56303E-1 2.39241E-1 1.18793E-1 7.19955E-2 2.08993E-2 6.66907E-3 3.26254E-3 1.49759E-3 9.83028E-4 7.02311E-4 5.30055E-4 1.46658E-4 5.56666E-5 2.33324E-5 1.10671E-5 9.72912E-6 5.82589E-6 2.33184E-6 1.66704E-6 1.13793E-6 7.08097E-7 4.72621E-7 2.58398E-7 1.60722E-7 1.26121E-7 7.83064E-8 6.55475E-8 2.29384E-8 1.6509E-8 1.20337E-8 8.5707E-9
