data/processed/MaxENT_Stuff/Env_Layers/Clipped_bioclim18.asc
ncols        804
nrows        479
xllcorner    -160.716666666667
yllcorner    18.575000000000
cellsize     0.008333333333
NODATA_value  -9999
[rows 374 to 407 of 479, columns 616 to 692 of 804]
146 155 145 128 121 137 141 141 133 103 96 55 97 126 201 233 289 252 227 250 252 233 207 289 221 134 92 92 93 104 121 135 128 128 115 81 79 116 356 404 445 465 376 571 423 439 560 500 505 456 519 545 502 586 578 527 616 594 633 663 638 638 753 763 753 734 701 668 661 571 579 551 597 564 584 587 586
150 146 136 124 133 148 150 125 126 108 64 75 170 293 297 301 336 408 458 308 253 223 223 221 260 172 149 91 91 96 121 135 135 128 114 99 80 90 200 297 435 460 423 458 431 401 496 572 575 450 541 467 507 510 537 551 526 659 664 586 622 613 614 691 668 701 711 692 655 595 440 517 594 583 572 607 598
135 129 125 121 129 143 125 110 59 57 129 162 266 338 377 391 513 478 459 473 404 293 241 236 284 245 172 139 136 121 89 102 114 112 109 106 94 88 83 280 404 430 409 404 425 499 387 535 420 400 551 563 581 485 483 426 447 527 597 554 553 595 616 616 660 703 656 693 598 599 646 582 478 487 637 617 602
125 128 128 126 132 127 104 65 118 271 290 260 351 391 378 389 464 491 424 461 426 345 326 295 274 245 244 140 131 134 134 88 77 79 91 123 185 224 244 161 338 384 473 532 472 396 437 406 465 454 473 590 426 468 461 571 589 547 571 628 492 571 554 574 556 470 552 572 518 530 531 532 552 622 573 525 535
140 129 135 119 107 110 76 128 261 316 352 392 372 337 296 340 417 418 450 426 464 379 315 359 345 256 244 234 175 127 143 143 184 225 263 355 420 393 348 307 215 353 367 483 478 427 395 477 450 495 508 477 727 506 399 468 542 543 670 525 498 523 572 675 661 558 480 420 386 530 616 585 528 535 492 478 534
129 137 138 115 103 107 64 101 294 351 366 326 397 323 276 276 283 519 493 466 406 390 308 335 250 249 253 280 256 214 189 234 245 278 413 469 425 415 421 244 139 221 350 424 474 504 374 447 516 452 475 526 527 581 638 537 560 456 451 545 533 578 622 699 592 624 647 658 428 602 630 513 513 482 566 523 478
143 133 126 113 100 66 57 133 310 315 362 384 288 281 278 290 276 408 512 487 427 490 381 334 346 250 251 280 276 265 265 310 352 425 383 391 430 419 322 277 124 106 265 335 415 527 467 395 398 511 442 443 521 540 599 630 503 427 606 659 678 658 676 714 724 456 608 681 624 484 602 574 516 517 569 479 570
130 130 122 102 76 78 287 311 362 501 276 324 355 369 362 386 273 393 539 514 515 525 485 385 304 281 339 360 312 349 455 367 450 401 397 296 355 285 233 107 92 85 167 285 325 406 536 456 455 393 512 521 525 608 657 658 395 671 706 639 425 487 633 1009 753 755 504 576 479 529 614 538 454 446 446 527 526
144 128 135 116 57 161 289 366 368 294 423 433 340 335 329 353 274 373 456 550 498 499 491 461 404 371 361 435 505 382 549 495 364 465 275 280 287 187 107 85 95 96 86 199 267 327 392 485 540 538 473 411 445 512 492 551 417 820 616 703 596 602 554 577 1003 777 960 516 578 570 467 429 517 607 402 403 392
134 120 117 84 129 291 308 405 396 379 512 356 356 419 387 350 318 364 375 484 510 465 465 473 416 393 386 481 382 350 437 539 365 389 465 379 252 239 90 94 98 92 96 131 213 333 387 503 583 570 567 472 420 449 455 697 463 425 660 668 728 552 544 469 460 686 824 653 405 526 580 484 524 445 500 553 -9999
124 97 61 125 126 271 362 376 490 434 435 299 370 355 421 352 305 284 389 415 530 499 483 498 450 437 399 414 377 360 361 485 508 354 397 443 340 243 139 84 97 96 95 92 200 350 492 527 495 511 527 561 529 400 587 578 554 425 478 708 697 690 609 590 535 464 804 819 617 447 513 536 575 420 504 -9999 -9999
104 63 123 305 326 416 405 352 441 469 298 324 312 366 336 383 329 380 399 421 537 485 431 366 362 343 441 435 396 378 414 425 533 422 370 443 244 237 168 82 88 94 99 81 84 334 362 479 422 409 434 454 561 518 442 540 487 600 613 632 734 780 857 747 720 649 804 930 836 715 644 381 533 569 -9999 -9999 -9999
84 76 92 233 323 355 469 252 438 508 504 320 321 301 420 449 370 331 417 442 466 525 391 332 428 429 519 388 418 384 328 450 466 451 430 449 363 201 125 90 79 80 102 88 89 109 343 463 448 413 428 381 414 480 529 411 595 557 380 526 655 820 853 851 823 823 871 887 865 817 502 471 693 -9999 -9999 -9999 -9999
124 76 125 276 380 438 299 326 359 564 647 547 435 435 431 482 367 297 392 399 444 492 400 467 453 405 268 313 372 418 368 362 473 473 474 340 366 207 90 78 81 81 84 94 89 175 221 351 323 444 498 392 458 473 409 511 347 452 516 667 694 725 843 876 861 875 875 900 882 796 473 -9999 -9999 -9999 -9999 -9999 -9999
65 93 223 354 403 310 409 446 603 642 627 558 463 408 399 481 355 322 340 479 417 403 361 348 474 484 337 338 261 340 405 323 503 491 480 362 289 141 116 86 90 86 82 119 150 210 290 279 312 326 441 431 480 430 438 447 387 526 392 674 731 790 870 901 898 883 898 898 -9999 -9999 -9999 -9999 -9999 -9999 -9999 -9999 -9999
158 169 302 418 447 305 453 544 492 499 535 503 420 514 417 418 391 299 410 391 351 355 394 432 430 406 465 482 439 326 325 368 502 458 400 398 398 234 151 121 120 117 117 137 189 237 236 257 280 405 505 430 451 466 490 473 513 483 438 617 796 910 841 841 861 -9999 -9999 -9999 -9999 -9999 -9999 -9999 -9999 -9999 -9999 -9999 -9999
256 379 388 445 255 513 510 570 558 558 512 548 454 442 496 354 348 286 294 312 403 362 288 427 458 523 561 506 486 426 335 406 449 487 337 323 329 282 214 199 215 229 227 217 336 344 423 434 442 556 467 506 506 400 521 362 436 496 617 593 604 512 470 -9999 -9999 -9999 -9999 -9999 -9999 -9999 -9999 -9999 -9999 -9999 -9999 -9999 -9999
346 471 286 282 497 585 528 544 529 497 519 444 501 378 447 392 312 292 291 291 354 415 386 389 425 526 311 426 387 451 459 397 467 500 355 374 314 289 321 291 300 408 443 475 452 500 425 314 523 486 487 535 505 517 496 466 474 475 490 385 -9999 -9999 -9999 -9999 -9999 -9999 -9999 -9999 -9999 -9999 -9999 -9999 -9999 -9999 -9999 -9999 -9999
448 491 312 509 431 611 588 625 587 588 579 580 372 535 440 419 339 305 288 291 392 397 440 325 410 514 346 521 414 420 460 279 434 506 433 420 429 327 314 281 376 409 484 391 389 392 489 524 488 533 614 579 448 483 507 505 531 473 426 -9999 -9999 -9999 -9999 -9999 -9999 -9999 -9999 -9999 -9999 -9999 -9999 -9999 -9999 -9999 -9999 -9999 -9999
419 385 391 401 668 655 559 681 714 710 737 619 619 445 428 357 312 314 294 325 361 347 330 586 433 438 485 527 396 531 367 260 343 481 477 510 483 400 358 417 446 463 536 392 481 423 547 556 459 538 534 505 501 472 603 498 450 -9999 -9999 -9999 -9999 -9999 -9999 -9999 -9999 -9999 -9999 -9999 -9999 -9999 -9999 -9999 -9999 -9999 -9999 -9999 -9999
316 409 626 547 667 736 737 742 789 780 789 826 645 581 489 441 271 359 369 395 325 288 400 283 472 514 518 475 482 460 397 303 298 327 483 507 520 472 375 402 446 432 479 381 361 422 424 519 465 609 593 643 633 589 489 435 -9999 -9999 -9999 -9999 -9999 -9999 -9999 -9999 -9999 -9999 -9999 -9999 -9999 -9999 -9999 -9999 -9999 -9999 -9999 -9999 -9999
579 583 887 880 911 836 836 881 894 855 840 882 619 600 561 516 319 329 395 324 400 316 351 504 411 353 364 361 396 403 365 505 366 364 516 490 308 260 -9999 423 449 397 403 450 448 528 581 582 430 497 568 386 578 -9999 -9999 -9999 -9999 -9999 -9999 -9999 -9999 -9999 -9999 -9999 -9999 -9999 -9999 -9999 -9999 -9999 -9999 -9999 -9999 -9999 -9999 -9999 -9999
823 871 884 929 962 1020 1034 1050 1058 1037 946 921 662 559 368 447 324 399 509 481 410 443 390 348 353 464 462 469 455 425 590 549 447 462 493 -9999 -9999 -9999 -9999 -9999 -9999 -9999 210 478 449 503 471 444 -9999 -9999 -9999 -9999 -9999 -9999 -9999 -9999 -9999 -9999 -9999 -9999 -9999 -9999 -9999 -9999 -9999 -9999 -9999 -9999 -9999 -9999 -9999 -9999 -9999 -9999 -9999 -9999 -9999
999 1044 1044 989 1041 1073 1096 1093 1071 1053 989 920 767 507 366 320 321 378 414 416 349 355 351 352 353 445 397 301 394 351 546 536 399 -9999 -9999 -9999 -9999 -9999 -9999 -9999 -9999 -9999 -9999 -9999 -9999 -9999 -9999 -9999 -9999 -9999 -9999 -9999 -9999 -9999 -9999 -9999 -9999 -9999 -9999 -9999 -9999 -9999 -9999 -9999 -9999 -9999 -9999 -9999 -9999 -9999 -9999 -9999 -9999 -9999 -9999 -9999 -9999
1058 1082 1105 1106 1104 1096 1098 1109 1106 1068 1026 903 836 521 433 313 377 423 448 443 426 377 356 349 391 410 423 412 435 504 506 496 -9999 -9999 -9999 -9999 -9999 -9999 -9999 -9999 -9999 -9999 -9999 -9999 -9999 -9999 -9999 -9999 -9999 -9999 -9999 -9999 -9999 -9999 -9999 -9999 -9999 -9999 -9999 -9999 -9999 -9999 -9999 -9999 -9999 -9999 -9999 -9999 -9999 -9999 -9999 -9999 -9999 -9999 -9999 -9999 -9999
1073 1127 1129 1137 1137 1136 1126 1127 1096 1076 1049 1011 862 623 471 382 296 357 315 370 397 349 342 388 418 395 399 354 440 430 332 -9999 -9999 -9999 -9999 -9999 -9999 -9999 -9999 -9999 -9999 -9999 -9999 -9999 -9999 -9999 -9999 -9999 -9999 -9999 -9999 -9999 -9999 -9999 -9999 -9999 -9999 -9999 -9999 -9999 -9999 -9999 -9999 -9999 -9999 -9999 -9999 -9999 -9999 -9999 -9999 -9999 -9999 -9999 -9999 -9999 -9999
1157 1166 1168 1173 1171 1171 1154 1138 1126 1078 981 849 773 549 453 288 298 387 347 348 421 386 411 400 443 458 462 500 439 -9999 -9999 -9999 -9999 -9999 -9999 -9999 -9999 -9999 -9999 -9999 -9999 -9999 -9999 -9999 -9999 -9999 -9999 -9999 -9999 -9999 -9999 -9999 -9999 -9999 -9999 -9999 -9999 -9999 -9999 -9999 -9999 -9999 -9999 -9999 -9999 -9999 -9999 -9999 -9999 -9999 -9999 -9999 -9999 -9999 -9999 -9999 -9999
1191 1190 1182 1173 1158 1131 1131 1126 1123 1083 892 837 540 472 382 472 392 322 286 333 343 382 452 502 414 366 403 377 493 -9999 -9999 -9999 -9999 -9999 -9999 -9999 -9999 -9999 -9999 -9999 -9999 -9999 -9999 -9999 -9999 -9999 -9999 -9999 -9999 -9999 -9999 -9999 -9999 -9999 -9999 -9999 -9999 -9999 -9999 -9999 -9999 -9999 -9999 -9999 -9999 -9999 -9999 -9999 -9999 -9999 -9999 -9999 -9999 -9999 -9999 -9999 -9999
1190 1184 1175 1164 1147 1138 1126 1126 1093 994 867 555 401 472 333 344 379 328 263 401 373 348 441 442 419 385 488 507 -9999 -9999 -9999 -9999 -9999 -9999 -9999 -9999 -9999 -9999 -9999 -9999 -9999 -9999 -9999 -9999 -9999 -9999 -9999 -9999 -9999 -9999 -9999 -9999 -9999 -9999 -9999 -9999 -9999 -9999 -9999 -9999 -9999 -9999 -9999 -9999 -9999 -9999 -9999 -9999 -9999 -9999 -9999 -9999 -9999 -9999 -9999 -9999 -9999
1176 1172 1165 1151 1133 1133 1123 1054 1054 890 660 466 414 382 455 481 345 353 334 310 364 446 441 424 405 321 230 -9999 -9999 -9999 -9999 -9999 -9999 -9999 -9999 -9999 -9999 -9999 -9999 -9999 -9999 -9999 -9999 -9999 -9999 -9999 -9999 -9999 -9999 -9999 -9999 -9999 -9999 -9999 -9999 -9999 -9999 -9999 -9999 -9999 -9999 -9999 -9999 -9999 -9999 -9999 -9999 -9999 -9999 -9999 -9999 -9999 -9999 -9999 -9999 -9999 -9999
1174 1157 1146 1135 1133 1100 1068 929 824 778 437 346 501 467 416 388 432 322 329 486 388 431 428 -9999 -9999 -9999 -9999 -9999 -9999 -9999 -9999 -9999 -9999 -9999 -9999 -9999 -9999 -9999 -9999 -9999 -9999 -9999 -9999 -9999 -9999 -9999 -9999 -9999 -9999 -9999 -9999 -9999 -9999 -9999 -9999 -9999 -9999 -9999 -9999 -9999 -9999 -9999 -9999 -9999 -9999 -9999 -9999 -9999 -9999 -9999 -9999 -9999 -9999 -9999 -9999 -9999 -9999
1177 1168 1144 1136 1135 1107 1079 856 805 432 369 407 451 390 405 423 393 326 337 325 395 447 -9999 -9999 -9999 -9999 -9999 -9999 -9999 -9999 -9999 -9999 -9999 -9999 -9999 -9999 -9999 -9999 -9999 -9999 -9999 -9999 -9999 -9999 -9999 -9999 -9999 -9999 -9999 -9999 -9999 -9999 -9999 -9999 -9999 -9999 -9999 -9999 -9999 -9999 -9999 -9999 -9999 -9999 -9999 -9999 -9999 -9999 -9999 -9999 -9999 -9999 -9999 -9999 -9999 -9999 -9999
1195 1176 1152 1132 1129 1121 1068 896 695 421 448 459 341 355 374 426 394 268 350 357 -9999 -9999 -9999 -9999 -9999 -9999 -9999 -9999 -9999 -9999 -9999 -9999 -9999 -9999 -9999 -9999 -9999 -9999 -9999 -9999 -9999 -9999 -9999 -9999 -9999 -9999 -9999 -9999 -9999 -9999 -9999 -9999 -9999 -9999 -9999 -9999 -9999 -9999 -9999 -9999 -9999 -9999 -9999 -9999 -9999 -9999 -9999 -9999 -9999 -9999 -9999 -9999 -9999 -9999 -9999 -9999 -9999
1197 1181 1149 1133 1103 1086 1021 687 418 396 371 436 426 329 415 418 387 421 416 -9999 -9999 -9999 -9999 -9999 -9999 -9999 -9999 -9999 -9999 -9999 -9999 -9999 -9999 -9999 -9999 -9999 -9999 -9999 -9999 -9999 -9999 -9999 -9999 -9999 -9999 -9999 -9999 -9999 -9999 -9999 -9999 -9999 -9999 -9999 -9999 -9999 -9999 -9999 -9999 -9999 -9999 -9999 -9999 -9999 -9999 -9999 -9999 -9999 -9999 -9999 -9999 -9999 -9999 -9999 -9999 -9999 -9999
