data/processed/MaxENT_Stuff/Env_Layers/Clipped_bioclim18.asc
ncols        804
nrows        479
xllcorner    -160.716666666667
yllcorner    18.575000000000
cellsize     0.008333333333
NODATA_value  -9999
[rows 306 to 339 of 479, columns 539 to 615 of 804]
-9999 -9999 -9999 -9999 -9999 -9999 -9999 -9999 -9999 -9999 -9999 -9999 -9999 -9999 -9999 -9999 -9999 -9999 -9999 -9999 -9999 -9999 -9999 -9999 -9999 -9999 -9999 -9999 -9999 -9999 -9999 -9999 -9999 -9999 -9999 -9999 -9999 -9999 -9999 -9999 -9999 -9999 -9999 -9999 -9999 -9999 -9999 -9999 99 166 256 280 271 219 178 164 108 87 87 87 85 146 154 129 144 145 120 123 143 218 257 274 255 171 196 246 314
-9999 -9999 -9999 -9999 -9999 -9999 -9999 -9999 -9999 -9999 -9999 -9999 -9999 -9999 -9999 -9999 -9999 -9999 -9999 -9999 -9999 -9999 -9999 -9999 -9999 -9999 -9999 -9999 -9999 -9999 -9999 -9999 -9999 -9999 -9999 -9999 -9999 -9999 -9999 -9999 -9999 -9999 -9999 -9999 -9999 -9999 -9999 -9999 130 77 198 203 248 214 177 168 170 98 103 103 67 85 88 118 124 136 122 133 133 244 227 292 289 268 318 187 191
-9999 -9999 -9999 -9999 -9999 -9999 -9999 -9999 -9999 -9999 -9999 -9999 -9999 -9999 -9999 -9999 -9999 -9999 -9999 -9999 -9999 -9999 -9999 -9999 -9999 -9999 -9999 -9999 -9999 -9999 -9999 -9999 -9999 -9999 -9999 -9999 -9999 -9999 -9999 -9999 -9999 -9999 -9999 -9999 -9999 -9999 -9999 -9999 80 82 212 307 316 267 223 190 99 105 96 89 89 95 84 134 83 139 125 122 122 135 244 206 221 236 231 268 258
-9999 -9999 -9999 -9999 -9999 -9999 -9999 -9999 -9999 -9999 -9999 -9999 -9999 -9999 -9999 -9999 -9999 -9999 -9999 -9999 -9999 -9999 -9999 -9999 -9999 -9999 -9999 -9999 -9999 -9999 -9999 -9999 -9999 -9999 -9999 -9999 -9999 -9999 -9999 -9999 -9999 -9999 -9999 -9999 -9999 -9999 -9999 94 67 300 319 349 354 236 235 160 68 92 97 86 86 87 97 90 107 87 127 132 132 125 224 248 242 235 246 225 269
-9999 -9999 -9999 -9999 -9999 -9999 -9999 -9999 -9999 -9999 -9999 -9999 -9999 -9999 -9999 -9999 -9999 -9999 -9999 -9999 -9999 -9999 -9999 -9999 -9999 -9999 -9999 -9999 -9999 -9999 -9999 -9999 -9999 -9999 -9999 -9999 -9999 -9999 -9999 -9999 -9999 -9999 -9999 -9999 -9999 -9999 -9999 60 67 299 385 370 351 318 213 127 74 96 101 72 93 97 98 94 95 97 94 123 136 124 139 251 243 248 240 241 214
-9999 -9999 -9999 -9999 -9999 -9999 -9999 -9999 -9999 -9999 -9999 -9999 -9999 -9999 -9999 -9999 -9999 -9999 -9999 -9999 -9999 -9999 -9999 -9999 -9999 -9999 -9999 -9999 -9999 -9999 -9999 -9999 -9999 -9999 -9999 -9999 -9999 -9999 -9999 -9999 -9999 -9999 -9999 -9999 -9999 -9999 162 83 228 320 345 364 368 299 275 179 94 81 92 86 80 97 98 98 104 103 115 97 62 115 119 178 234 221 268 243 241
-9999 -9999 -9999 -9999 -9999 -9999 -9999 -9999 -9999 -9999 -9999 -9999 -9999 -9999 -9999 -9999 -9999 -9999 -9999 -9999 -9999 -9999 -9999 -9999 -9999 -9999 -9999 -9999 -9999 -9999 -9999 -9999 -9999 -9999 -9999 -9999 -9999 -9999 -9999 -9999 -9999 -9999 -9999 -9999 158 121 91 71 235 380 404 388 369 315 339 189 126 81 83 98 73 80 87 100 100 96 103 93 70 69 147 150 178 223 161 131 166
-9999 -9999 -9999 -9999 -9999 -9999 -9999 -9999 -9999 -9999 -9999 -9999 -9999 -9999 -9999 -9999 -9999 -9999 -9999 -9999 -9999 -9999 -9999 -9999 -9999 -9999 -9999 -9999 -9999 -9999 -9999 -9999 -9999 -9999 -9999 -9999 -9999 -9999 -9999 -9999 -9999 -9999 -9999 -9999 71 58 309 328 296 366 381 382 385 314 290 266 185 169 96 91 99 106 70 63 70 70 63 61 57 69 89 92 88 136 124 127 167
-9999 -9999 -9999 -9999 -9999 -9999 -9999 -9999 -9999 -9999 -9999 -9999 -9999 -9999 -9999 -9999 -9999 -9999 -9999 -9999 -9999 -9999 -9999 -9999 -9999 -9999 -9999 -9999 -9999 -9999 -9999 -9999 -9999 -9999 -9999 -9999 -9999 -9999 -9999 -9999 -9999 -9999 -9999 73 241 349 361 301 277 250 381 352 365 342 298 266 230 174 108 99 104 100 87 74 64 58 58 57 63 69 88 88 147 73 144 138 75
-9999 -9999 -9999 -9999 -9999 -9999 -9999 -9999 -9999 -9999 -9999 -9999 -9999 -9999 -9999 -9999 -9999 -9999 -9999 -9999 -9999 -9999 -9999 -9999 -9999 -9999 -9999 -9999 -9999 -9999 -9999 -9999 -9999 -9999 -9999 -9999 -9999 -9999 -9999 -9999 -9999 -9999 81 160 281 349 344 343 372 380 382 356 327 317 256 185 213 167 138 98 90 77 74 87 86 63 60 64 60 89 117 117 102 101 102 103 99
-9999 -9999 -9999 -9999 -9999 -9999 -9999 -9999 -9999 -9999 -9999 -9999 -9999 -9999 -9999 -9999 -9999 -9999 -9999 -9999 -9999 -9999 -9999 -9999 -9999 -9999 -9999 -9999 -9999 -9999 -9999 -9999 -9999 -9999 -9999 -9999 -9999 -9999 -9999 -9999 105 90 73 138 273 323 361 345 348 340 364 379 332 281 253 265 257 193 168 96 104 106 87 93 88 88 73 60 60 85 102 103 111 112 113 100 86
-9999 -9999 -9999 -9999 -9999 -9999 -9999 -9999 -9999 -9999 -9999 -9999 -9999 -9999 -9999 -9999 -9999 -9999 -9999 -9999 -9999 -9999 -9999 -9999 -9999 -9999 -9999 -9999 -9999 -9999 -9999 -9999 -9999 -9999 -9999 -9999 -9999 -9999 -9999 -9999 108 69 65 187 250 352 348 353 356 346 317 345 357 350 351 351 329 286 171 156 82 105 101 98 92 86 69 73 73 73 97 103 81 79 97 102 85
-9999 -9999 -9999 -9999 -9999 -9999 -9999 -9999 -9999 -9999 -9999 -9999 -9999 -9999 -9999 -9999 -9999 -9999 -9999 -9999 -9999 -9999 -9999 -9999 -9999 -9999 -9999 -9999 -9999 -9999 -9999 -9999 -9999 -9999 -9999 -9999 -9999 -9999 -9999 -9999 73 293 333 348 307 426 292 284 371 358 341 322 357 354 334 289 301 327 229 183 124 73 80 92 99 103 102 86 101 99 93 87 127 167 173 133 126
-9999 -9999 -9999 -9999 -9999 -9999 -9999 -9999 -9999 -9999 -9999 -9999 -9999 -9999 -9999 -9999 -9999 -9999 -9999 -9999 -9999 -9999 -9999 -9999 -9999 -9999 -9999 -9999 -9999 -9999 -9999 -9999 -9999 -9999 -9999 -9999 -9999 -9999 -9999 64 214 346 229 490 301 362 437 354 178 372 368 355 349 352 357 304 334 317 309 276 154 87 94 96 80 81 71 84 127 210 216 197 185 195 226 204 97
-9999 -9999 -9999 -9999 -9999 -9999 -9999 -9999 -9999 -9999 -9999 -9999 -9999 -9999 -9999 -9999 -9999 -9999 -9999 -9999 -9999 -9999 -9999 -9999 -9999 -9999 -9999 -9999 -9999 -9999 -9999 -9999 -9999 -9999 -9999 -9999 -9999 -9999 80 80 226 335 304 420 425 417 452 436 241 389 363 359 351 352 355 353 327 327 311 321 242 129 93 86 80 83 94 131 210 208 314 343 343 324 288 242 151
-9999 -9999 -9999 -9999 -9999 -9999 -9999 -9999 -9999 -9999 -9999 -9999 -9999 -9999 -9999 -9999 -9999 -9999 -9999 -9999 -9999 -9999 -9999 -9999 -9999 -9999 -9999 -9999 -9999 -9999 -9999 -9999 -9999 -9999 -9999 -9999 -9999 -9999 272 220 257 287 400 382 434 375 344 249 303 356 354 354 332 346 353 375 362 298 330 331 325 318 320 271 268 254 189 225 257 301 307 299 305 305 342 354 303
-9999 -9999 -9999 -9999 -9999 -9999 -9999 -9999 -9999 -9999 -9999 -9999 -9999 -9999 -9999 -9999 -9999 -9999 -9999 -9999 -9999 -9999 -9999 -9999 -9999 -9999 -9999 -9999 -9999 -9999 -9999 -9999 -9999 -9999 -9999 -9999 -9999 324 418 309 311 395 362 295 332 301 276 278 346 367 332 347 340 347 341 343 350 349 318 327 328 268 283 320 311 297 298 303 298 290 304 295 295 317 324 351 351
-9999 -9999 -9999 -9999 -9999 -9999 -9999 -9999 -9999 -9999 -9999 -9999 -9999 -9999 -9999 -9999 -9999 -9999 -9999 -9999 -9999 -9999 -9999 -9999 -9999 -9999 -9999 -9999 -9999 -9999 -9999 -9999 -9999 -9999 -9999 -9999 57 304 360 271 332 326 456 289 323 301 249 242 243 346 317 321 333 337 330 326 328 345 345 330 307 307 317 332 319 292 338 357 328 314 294 295 287 306 366 367 359
-9999 -9999 -9999 -9999 -9999 -9999 -9999 -9999 -9999 -9999 -9999 -9999 -9999 -9999 -9999 -9999 -9999 -9999 -9999 -9999 -9999 -9999 -9999 -9999 -9999 -9999 -9999 -9999 -9999 -9999 -9999 -9999 -9999 -9999 -9999 -9999 56 284 349 281 253 241 296 374 303 282 262 290 297 298 342 328 299 300 335 339 328 322 326 333 378 369 371 372 363 350 338 317 318 370 309 296 316 359 348 358 344
-9999 -9999 -9999 -9999 -9999 -9999 -9999 -9999 -9999 -9999 -9999 -9999 -9999 -9999 -9999 -9999 -9999 -9999 -9999 -9999 -9999 -9999 -9999 -9999 -9999 -9999 -9999 -9999 -9999 -9999 -9999 -9999 -9999 -9999 -9999 -9999 57 239 259 296 476 297 248 263 414 334 270 355 348 370 371 353 329 346 335 358 370 353 356 345 369 397 405 407 400 360 357 373 359 345 378 331 398 334 369 344 251
-9999 -9999 -9999 -9999 -9999 -9999 -9999 -9999 -9999 -9999 -9999 -9999 -9999 -9999 -9999 -9999 -9999 -9999 -9999 -9999 -9999 -9999 -9999 -9999 -9999 -9999 -9999 -9999 -9999 -9999 187 195 298 287 265 326 290 265 258 250 252 266 479 418 422 403 216 238 355 352 358 359 296 373 355 375 375 378 377 359 346 373 373 349 350 389 373 365 362 359 409 397 358 359 280 211 140
-9999 -9999 -9999 -9999 -9999 -9999 -9999 -9999 -9999 -9999 -9999 -9999 -9999 -9999 -9999 -9999 -9999 -9999 -9999 -9999 -9999 -9999 -9999 -9999 -9999 -9999 -9999 -9999 -9999 247 310 216 214 437 339 309 310 355 457 294 198 260 311 288 259 275 283 317 260 350 347 353 354 327 362 375 359 346 334 334 348 341 332 330 353 355 355 332 338 342 334 349 301 241 190 151 79
-9999 -9999 -9999 -9999 -9999 -9999 -9999 -9999 -9999 -9999 -9999 -9999 -9999 -9999 -9999 -9999 -9999 -9999 -9999 -9999 -9999 -9999 -9999 -9999 -9999 -9999 -9999 -9999 271 334 267 472 494 416 278 277 259 318 323 341 477 373 420 381 250 306 268 337 354 268 329 304 316 317 356 346 332 333 331 319 326 334 335 336 318 336 319 314 294 312 289 189 177 158 136 125 72
-9999 -9999 -9999 -9999 -9999 -9999 -9999 -9999 -9999 -9999 -9999 -9999 -9999 -9999 -9999 -9999 -9999 -9999 -9999 -9999 -9999 -9999 -9999 -9999 -9999 -9999 -9999 74 238 263 338 595 747 443 443 424 235 284 361 336 353 473 360 351 350 227 325 292 409 395 249 265 306 332 333 333 348 350 338 296 278 293 309 307 309 337 324 320 303 304 247 168 177 136 133 106 76
-9999 -9999 -9999 -9999 -9999 -9999 -9999 -9999 -9999 -9999 -9999 -9999 -9999 -9999 -9999 -9999 -9999 -9999 -9999 -9999 -9999 -9999 -9999 -9999 -9999 -9999 160 263 268 270 258 599 658 762 436 468 343 366 252 299 343 405 448 386 346 352 311 261 386 374 461 234 237 338 333 333 330 332 300 292 278 217 229 242 339 328 343 295 296 295 321 141 146 110 75 76 69
-9999 -9999 -9999 -9999 -9999 -9999 -9999 -9999 -9999 -9999 -9999 -9999 -9999 -9999 -9999 -9999 -9999 -9999 -9999 -9999 -9999 -9999 -9999 -9999 -9999 205 271 333 223 427 488 630 617 772 730 473 486 240 308 327 316 325 346 360 443 411 396 366 295 426 444 404 236 362 356 320 319 297 295 268 291 226 241 273 288 273 332 342 297 299 278 135 75 81 96 107 107
-9999 -9999 -9999 -9999 -9999 -9999 -9999 -9999 -9999 -9999 -9999 -9999 -9999 -9999 -9999 -9999 -9999 -9999 -9999 -9999 -9999 -9999 -9999 -9999 155 272 229 192 346 468 486 458 613 626 715 471 344 256 325 368 380 341 361 402 293 304 378 365 224 361 386 418 293 350 350 331 281 281 314 286 248 243 197 177 235 235 246 293 274 206 147 65 108 102 103 106 89
-9999 -9999 -9999 -9999 -9999 -9999 -9999 -9999 -9999 -9999 -9999 -9999 -9999 -9999 -9999 -9999 -9999 -9999 -9999 -9999 -9999 -9999 287 260 266 241 279 281 376 439 440 426 393 426 572 467 318 215 213 303 291 292 280 286 287 245 424 438 164 302 285 278 336 362 340 324 284 282 283 170 223 198 182 185 186 118 122 151 181 102 89 95 100 98 104 110 110
-9999 -9999 -9999 -9999 -9999 -9999 -9999 -9999 -9999 -9999 -9999 -9999 -9999 -9999 -9999 -9999 -9999 -9999 -9999 -9999 -9999 289 326 303 373 373 454 467 407 381 354 383 384 412 420 494 387 423 319 319 263 212 279 294 288 268 283 383 256 399 399 410 402 384 325 309 249 191 179 179 133 115 107 101 98 97 97 94 69 93 70 82 82 95 113 118 139
-9999 -9999 -9999 -9999 -9999 -9999 -9999 -9999 -9999 -9999 -9999 -9999 -9999 -9999 -9999 -9999 -9999 -9999 -9999 -9999 -9999 338 258 443 464 589 588 709 500 558 420 393 387 409 409 465 468 470 493 348 387 343 329 290 385 245 266 356 223 386 372 383 391 396 337 297 279 230 222 124 121 118 111 101 85 74 74 84 75 79 82 92 96 99 100 135 119
-9999 -9999 -9999 -9999 -9999 -9999 -9999 -9999 -9999 -9999 -9999 -9999 -9999 -9999 -9999 -9999 -9999 -9999 -9999 -9999 -9999 240 264 572 649 767 621 621 611 442 548 387 387 413 412 448 507 530 548 450 465 467 490 332 285 302 427 419 298 386 367 358 375 385 357 335 298 251 212 199 151 151 133 113 84 69 66 72 72 82 82 95 110 104 104 101 135
-9999 -9999 -9999 -9999 -9999 -9999 -9999 -9999 -9999 -9999 -9999 -9999 -9999 -9999 -9999 -9999 -9999 -9999 -9999 -9999 -9999 250 380 730 757 699 611 659 658 504 466 611 415 467 455 530 730 621 621 556 549 588 577 451 353 346 306 360 310 400 382 355 356 369 351 354 276 251 212 118 106 114 110 88 68 74 66 69 69 68 94 106 153 121 107 107 113
-9999 -9999 -9999 -9999 -9999 -9999 -9999 -9999 -9999 -9999 -9999 -9999 -9999 -9999 -9999 -9999 -9999 -9999 -9999 -9999 279 202 508 678 656 539 460 556 538 608 494 493 456 606 527 681 615 688 754 895 862 722 696 587 459 343 321 452 262 298 386 395 334 340 319 357 289 289 166 108 104 95 85 86 60 61 73 82 92 95 109 121 125 149 132 139 156
-9999 -9999 -9999 -9999 -9999 -9999 -9999 -9999 -9999 -9999 -9999 -9999 -9999 -9999 -9999 -9999 -9999 -9999 -9999 -9999 -9999 418 687 675 569 558 450 547 467 501 496 462 445 578 592 656 755 779 831 908 949 853 613 507 428 339 388 351 184 332 334 374 333 306 307 285 248 274 119 97 103 99 93 81 81 83 77 87 100 106 121 121 114 145 171 163 164
