data/processed/Maxent_results1/MaxEnt_Output_betamultiplier_3/religiosa_max.asc
ncols         804
nrows         479
xllcorner     -160.716666666667
yllcorner     18.575
cellsize      0.008333333333
NODATA_value  -9999
[rows 340 to 373 of 479, columns 532 to 607 of 804]
-9999 -9999 -9999 -9999 -9999 -9999 -9999 -9999 -9999 -9999 -9999 -9999 -9999 -9999 -9999 -9999 -9999 -9999 -9999 -9999 -9999 -9999 -9999 -9999 -9999 -9999 -9999 9.97053E-1 9.97521E-1 9.84611E-1 9.21295E-1 7.68301E-1 5.35106E-1 3.55409E-1 2.05549E-1 1.06912E-1 5.03809E-2 2.73534E-2 1.55808E-2 8.3991E-3 4.38818E-3 2.1846E-3 1.17265E-3 8.22026E-4 6.67605E-4 5.40305E-4 4.36449E-4 4.18098E-4 4.17087E-4 3.93857E-4 3.85677E-4 3.77736E-4 3.5031E-4 3.15922E-4 3.17409E-4 3.26045E-4 3.28678E-4 3.19095E-4 3.11151E-4 3.00249E-4 2.8955E-4 2.82035E-4 2.69267E-4 2.54064E-4 2.35894E-4 2.35809E-4 2.2333E-4 2.03532E-4 2.00849E-4 1.98743E-4 1.85711E-4 1.58556E-4 1.37783E-4 1.14381E-4 1.00628E-4 8.83906E-5
-9999 -9999 -9999 -9999 -9999 -9999 -9999 -9999 -9999 -9999 -9999 -9999 -9999 -9999 -9999 -9999 -9999 -9999 -9999 -9999 -9999 -9999 -9999 -9999 -9999 -9999 -9999 9.96472E-1 9.96439E-1 9.91162E-1 9.41865E-1 7.70441E-1 5.65429E-1 3.61968E-1 2.30911E-1 1.1463E-1 5.83628E-2 3.01485E-2 1.58601E-2 8.59456E-3 4.43756E-3 2.17967E-3 9.92327E-4 5.52594E-4 3.35548E-4 2.5474E-4 2.15057E-4 1.9481E-4 1.76264E-4 1.89611E-4 2.15923E-4 2.03037E-4 1.9372E-4 1.81531E-4 1.87646E-4 1.95872E-4 2.03007E-4 2.14073E-4 2.17187E-4 2.12055E-4 2.15271E-4 2.06549E-4 1.96794E-4 1.87009E-4 1.83689E-4 1.9077E-4 1.93052E-4 1.84681E-4 1.79489E-4 1.72931E-4 1.57589E-4 1.36834E-4 1.13552E-4 9.82143E-5 8.54552E-5 7.55815E-5
-9999 -9999 -9999 -9999 -9999 -9999 -9999 -9999 -9999 -9999 -9999 -9999 -9999 -9999 -9999 -9999 -9999 -9999 -9999 -9999 -9999 -9999 -9999 -9999 -9999 -9999 -9999 -9999 9.9277E-1 9.88245E-1 9.32643E-1 7.77677E-1 6.00106E-1 4.10733E-1 2.45099E-1 1.35381E-1 7.07412E-2 3.53268E-2 1.85297E-2 1.01836E-2 5.32249E-3 2.88317E-3 1.33959E-3 6.71175E-4 2.97324E-4 1.92317E-4 1.347E-4 1.06266E-4 9.52491E-5 9.68184E-5 1.19405E-4 1.25684E-4 1.1292E-4 1.02697E-4 1.06381E-4 1.1344E-4 1.21486E-4 1.34649E-4 1.44051E-4 1.55748E-4 1.5461E-4 1.5527E-4 1.50116E-4 1.27546E-4 1.20617E-4 1.42699E-4 1.51322E-4 1.5817E-4 1.59288E-4 1.51553E-4 1.23211E-4 1.09953E-4 9.27648E-5 8.44904E-5 7.64732E-5 5.86548E-5
-9999 -9999 -9999 -9999 -9999 -9999 -9999 -9999 -9999 -9999 -9999 -9999 -9999 -9999 -9999 -9999 -9999 -9999 -9999 -9999 -9999 -9999 -9999 -9999 -9999 -9999 -9999 -9999 9.90205E-1 9.86102E-1 9.75056E-1 8.54635E-1 6.00742E-1 4.53417E-1 2.9001E-1 1.74773E-1 8.73831E-2 4.15092E-2 2.19147E-2 1.23654E-2 6.86161E-3 3.80201E-3 1.77209E-3 8.2858E-4 3.82464E-4 2.07895E-4 1.30301E-4 7.91238E-5 5.95489E-5 5.89079E-5 7.46341E-5 8.3017E-5 6.9187E-5 5.93421E-5 6.06288E-5 6.62037E-5 7.22709E-5 8.64783E-5 9.92897E-5 1.02335E-4 9.53133E-5 9.55879E-5 9.26006E-5 9.38505E-5 9.16574E-5 9.6404E-5 1.11865E-4 1.15174E-4 1.34237E-4 1.31301E-4 1.06389E-4 8.7797E-5 7.1123E-5 6.1363E-5 5.82216E-5 5.04028E-5
-9999 -9999 -9999 -9999 -9999 -9999 -9999 -9999 -9999 -9999 -9999 -9999 -9999 -9999 -9999 -9999 -9999 -9999 -9999 -9999 -9999 -9999 -9999 -9999 -9999 -9999 -9999 -9999 9.88373E-1 9.84335E-1 9.83412E-1 8.89809E-1 7.0897E-1 5.02876E-1 3.7544E-1 2.21619E-1 1.13671E-1 5.25365E-2 2.73166E-2 1.62176E-2 9.57976E-3 5.44965E-3 2.32305E-3 9.9231E-4 5.25468E-4 2.35336E-4 1.43794E-4 8.21913E-5 4.90738E-5 4.30271E-5 4.85169E-5 5.83923E-5 4.53099E-5 3.57312E-5 3.72042E-5 4.12783E-5 4.63124E-5 5.82708E-5 6.93646E-5 5.49822E-5 6.32822E-5 6.33616E-5 6.20333E-5 7.20126E-5 7.14775E-5 7.90812E-5 7.58361E-5 8.02917E-5 9.60814E-5 1.04857E-4 9.582E-5 7.69781E-5 6.87965E-5 5.68631E-5 4.56936E-5 3.882E-5
-9999 -9999 -9999 -9999 -9999 -9999 -9999 -9999 -9999 -9999 -9999 -9999 -9999 -9999 -9999 -9999 -9999 -9999 -9999 -9999 -9999 -9999 -9999 -9999 -9999 -9999 -9999 -9999 -9999 -9999 9.90157E-1 9.42611E-1 7.63957E-1 5.69596E-1 4.19774E-1 2.844E-1 1.42702E-1 6.99865E-2 3.69293E-2 2.10784E-2 1.24751E-2 7.14286E-3 3.46455E-3 1.62716E-3 8.38471E-4 3.93726E-4 1.84469E-4 9.68552E-5 6.20679E-5 4.48921E-5 4.5046E-5 6.19413E-5 4.82242E-5 3.77481E-5 3.70288E-5 3.84824E-5 4.1189E-5 5.12305E-5 5.46502E-5 4.43063E-5 5.00037E-5 5.42979E-5 6.54691E-5 6.68242E-5 5.7997E-5 6.90292E-5 6.57984E-5 7.45212E-5 8.10193E-5 9.19274E-5 9.55996E-5 8.45805E-5 6.24923E-5 5.03249E-5 4.3983E-5 3.99859E-5
-9999 -9999 -9999 -9999 -9999 -9999 -9999 -9999 -9999 -9999 -9999 -9999 -9999 -9999 -9999 -9999 -9999 -9999 -9999 -9999 -9999 -9999 -9999 -9999 -9999 -9999 -9999 -9999 -9999 -9999 9.94314E-1 9.72253E-1 8.19652E-1 6.35665E-1 4.56938E-1 3.00459E-1 1.75718E-1 9.59596E-2 5.02246E-2 2.61984E-2 1.55175E-2 9.29571E-3 5.22095E-3 2.70196E-3 1.19519E-3 5.58576E-4 2.74347E-4 1.51911E-4 9.773E-5 7.45585E-5 7.34199E-5 7.92834E-5 6.04817E-5 4.52243E-5 3.86269E-5 3.98108E-5 4.08942E-5 4.5988E-5 4.77424E-5 4.70114E-5 3.93319E-5 4.72435E-5 4.57855E-5 5.34477E-5 5.28001E-5 5.61454E-5 6.14955E-5 6.85512E-5 7.77597E-5 8.79188E-5 8.71669E-5 7.43418E-5 5.7082E-5 4.88438E-5 3.77959E-5 3.48758E-5
-9999 -9999 -9999 -9999 -9999 -9999 -9999 -9999 -9999 -9999 -9999 -9999 -9999 -9999 -9999 -9999 -9999 -9999 -9999 -9999 -9999 -9999 -9999 -9999 -9999 -9999 -9999 -9999 -9999 -9999 -9999 9.80413E-1 9.19528E-1 7.39875E-1 5.37547E-1 3.4931E-1 2.19697E-1 1.20309E-1 6.39089E-2 3.49337E-2 1.99E-2 1.14963E-2 7.25806E-3 3.98141E-3 1.81854E-3 8.58346E-4 4.31787E-4 2.72641E-4 1.73807E-4 1.4038E-4 1.35702E-4 1.01016E-4 7.5349E-5 5.69546E-5 4.79742E-5 4.50784E-5 4.4324E-5 4.65917E-5 4.15824E-5 3.86347E-5 4.44704E-5 3.92499E-5 3.96399E-5 4.52718E-5 4.43235E-5 5.02515E-5 6.06755E-5 7.36568E-5 7.47424E-5 8.44869E-5 7.95877E-5 6.6778E-5 5.20935E-5 4.73788E-5 3.86593E-5 3.26422E-5
-9999 -9999 -9999 -9999 -9999 -9999 -9999 -9999 -9999 -9999 -9999 -9999 -9999 -9999 -9999 -9999 -9999 -9999 -9999 -9999 -9999 -9999 -9999 -9999 -9999 -9999 -9999 -9999 -9999 -9999 9.93932E-1 9.7564E-1 9.25406E-1 8.10835E-1 6.34807E-1 4.61675E-1 2.7829E-1 1.59123E-1 8.71388E-2 4.63133E-2 2.58892E-2 1.47908E-2 8.98909E-3 4.82199E-3 2.57116E-3 1.30791E-3 7.45346E-4 4.72366E-4 3.18538E-4 2.68896E-4 2.02209E-4 1.33874E-4 9.35357E-5 6.93401E-5 5.89822E-5 5.20492E-5 4.90974E-5 4.83355E-5 3.71481E-5 3.84807E-5 3.89066E-5 3.51577E-5 3.79065E-5 3.72276E-5 4.04172E-5 4.27994E-5 5.52062E-5 6.21666E-5 7.54255E-5 7.63792E-5 6.98695E-5 5.89118E-5 4.93545E-5 4.4493E-5 3.79872E-5 3.2063E-5
-9999 -9999 -9999 -9999 -9999 -9999 -9999 -9999 -9999 -9999 -9999 -9999 -9999 -9999 -9999 -9999 -9999 -9999 -9999 -9999 -9999 -9999 -9999 -9999 -9999 -9999 -9999 -9999 -9999 -9999 9.93491E-1 9.74729E-1 9.40665E-1 8.74474E-1 6.78294E-1 5.50727E-1 3.90967E-1 2.21708E-1 1.26145E-1 5.99175E-2 3.40931E-2 1.90545E-2 1.07786E-2 6.1537E-3 3.36752E-3 1.89397E-3 1.14979E-3 7.51581E-4 5.28392E-4 3.97484E-4 2.60048E-4 1.75102E-4 1.22694E-4 8.75626E-5 7.36865E-5 6.44615E-5 5.66926E-5 5.17557E-5 3.51275E-5 3.79749E-5 4.16313E-5 4.21953E-5 3.33144E-5 3.55357E-5 4.24819E-5 3.92593E-5 4.77657E-5 6.07769E-5 6.90364E-5 6.44468E-5 5.9257E-5 5.0538E-5 4.44995E-5 3.88614E-5 3.47882E-5 3.09215E-5
-9999 -9999 -9999 -9999 -9999 -9999 -9999 -9999 -9999 -9999 -9999 -9999 -9999 -9999 -9999 -9999 -9999 -9999 -9999 -9999 -9999 -9999 -9999 -9999 -9999 -9999 -9999 -9999 -9999 -9999 -9999 -9999 9.60666E-1 9.19413E-1 7.96266E-1 6.47422E-1 4.70161E-1 3.08881E-1 1.76761E-1 8.22863E-2 4.1262E-2 2.33583E-2 1.29392E-2 7.8143E-3 4.37141E-3 2.65125E-3 1.73929E-3 1.11704E-3 7.45048E-4 5.20712E-4 3.53283E-4 2.33257E-4 1.6597E-4 1.15796E-4 9.14971E-5 7.44973E-5 6.22562E-5 5.56295E-5 3.66134E-5 3.83703E-5 4.22144E-5 4.10086E-5 4.05683E-5 4.20428E-5 3.82297E-5 3.94388E-5 4.64127E-5 5.12348E-5 5.88888E-5 5.6469E-5 4.90404E-5 4.13358E-5 3.66921E-5 3.30028E-5 3.00322E-5 2.68892E-5
-9999 -9999 -9999 -9999 -9999 -9999 -9999 -9999 -9999 -9999 -9999 -9999 -9999 -9999 -9999 -9999 -9999 -9999 -9999 -9999 -9999 -9999 -9999 -9999 -9999 -9999 -9999 -9999 -9999 -9999 -9999 -9999 -9999 -9999 -9999 7.8182E-1 5.78267E-1 4.01355E-1 2.39194E-1 1.04918E-1 5.01184E-2 2.68491E-2 1.45964E-2 9.15288E-3 5.56809E-3 3.46007E-3 2.16776E-3 1.37117E-3 9.24749E-4 7.05081E-4 4.75208E-4 3.31258E-4 2.28559E-4 1.67946E-4 1.22397E-4 9.41385E-5 7.74628E-5 6.80378E-5 5.08578E-5 3.71486E-5 3.91237E-5 4.26436E-5 4.34128E-5 4.61355E-5 4.55403E-5 4.70092E-5 4.9777E-5 5.09825E-5 5.00606E-5 4.78602E-5 3.81101E-5 3.25234E-5 2.7925E-5 2.54698E-5 2.36067E-5 2.06432E-5
-9999 -9999 -9999 -9999 -9999 -9999 -9999 -9999 -9999 -9999 -9999 -9999 -9999 -9999 -9999 -9999 -9999 -9999 -9999 -9999 -9999 -9999 -9999 -9999 -9999 -9999 -9999 -9999 -9999 -9999 -9999 -9999 -9999 -9999 -9999 8.09627E-1 6.59244E-1 4.75952E-1 2.96568E-1 1.38035E-1 6.23491E-2 3.2322E-2 1.82712E-2 1.08212E-2 6.72325E-3 4.101E-3 2.47778E-3 1.62999E-3 1.13359E-3 9.02431E-4 6.42983E-4 4.4599E-4 3.20473E-4 2.37189E-4 1.73843E-4 1.24706E-4 9.73686E-5 8.01022E-5 5.51914E-5 3.86642E-5 4.14342E-5 4.39183E-5 4.65079E-5 4.88282E-5 5.26321E-5 4.90375E-5 5.05903E-5 4.73607E-5 4.22974E-5 3.80929E-5 3.24717E-5 2.44242E-5 2.22476E-5 2.04581E-5 1.82336E-5 1.68174E-5
-9999 -9999 -9999 -9999 -9999 -9999 -9999 -9999 -9999 -9999 -9999 -9999 -9999 -9999 -9999 -9999 -9999 -9999 -9999 -9999 -9999 -9999 -9999 -9999 -9999 -9999 -9999 -9999 -9999 -9999 -9999 -9999 -9999 -9999 -9999 -9999 7.20608E-1 5.77874E-1 3.44967E-1 1.61056E-1 7.58208E-2 3.93429E-2 2.13791E-2 1.29258E-2 7.61901E-3 4.7357E-3 3.12493E-3 1.97549E-3 1.39281E-3 1.15543E-3 8.51684E-4 6.11399E-4 4.40609E-4 3.20772E-4 2.23165E-4 1.67812E-4 1.19386E-4 8.98315E-5 6.61516E-5 4.18906E-5 4.49692E-5 5.18076E-5 5.69221E-5 5.77586E-5 5.80624E-5 4.96632E-5 4.60731E-5 4.29113E-5 3.74723E-5 3.06448E-5 2.90966E-5 2.50255E-5 1.96451E-5 1.69197E-5 1.5046E-5 1.30088E-5
-9999 -9999 -9999 -9999 -9999 -9999 -9999 -9999 -9999 -9999 -9999 -9999 -9999 -9999 -9999 -9999 -9999 -9999 -9999 -9999 -9999 -9999 -9999 -9999 -9999 -9999 -9999 -9999 -9999 -9999 -9999 -9999 -9999 -9999 -9999 -9999 8.03017E-1 6.77982E-1 4.37992E-1 2.05715E-1 9.18444E-2 4.53877E-2 2.54471E-2 1.5454E-2 9.71171E-3 5.78331E-3 3.53581E-3 2.37628E-3 1.65211E-3 1.3653E-3 1.06744E-3 7.94638E-4 5.80042E-4 4.37372E-4 2.97872E-4 2.0255E-4 1.29808E-4 9.88742E-5 7.08737E-5 5.20915E-5 5.46948E-5 6.28968E-5 6.42482E-5 6.40225E-5 6.18109E-5 5.28702E-5 4.52339E-5 3.90284E-5 3.24638E-5 2.66588E-5 2.24166E-5 2.0524E-5 1.84111E-5 1.36797E-5 1.18048E-5 1.04238E-5
-9999 -9999 -9999 -9999 -9999 -9999 -9999 -9999 -9999 -9999 -9999 -9999 -9999 -9999 -9999 -9999 -9999 -9999 -9999 -9999 -9999 -9999 -9999 -9999 -9999 -9999 -9999 -9999 -9999 -9999 -9999 -9999 -9999 -9999 -9999 -9999 -9999 7.21703E-1 4.99906E-1 2.30853E-1 1.18378E-1 5.76614E-2 3.0726E-2 1.87636E-2 1.11698E-2 6.24943E-3 3.99543E-3 2.71921E-3 1.88273E-3 1.5169E-3 1.27198E-3 9.84845E-4 7.2197E-4 5.42049E-4 3.74248E-4 2.40714E-4 1.60862E-4 1.00623E-4 7.73476E-5 5.85595E-5 6.26074E-5 6.2628E-5 6.60289E-5 6.51158E-5 6.55568E-5 5.39682E-5 4.4335E-5 3.54316E-5 2.9544E-5 2.25889E-5 1.89615E-5 1.76718E-5 1.49365E-5 1.21752E-5 9.83667E-6 8.45687E-6
-9999 -9999 -9999 -9999 -9999 -9999 -9999 -9999 -9999 -9999 -9999 -9999 -9999 -9999 -9999 -9999 -9999 -9999 -9999 -9999 -9999 -9999 -9999 -9999 -9999 -9999 -9999 -9999 -9999 -9999 -9999 -9999 -9999 -9999 -9999 -9999 -9999 7.34711E-1 5.4787E-1 2.69345E-1 1.34844E-1 6.53874E-2 3.51446E-2 1.99161E-2 1.14307E-2 6.75885E-3 4.27108E-3 2.79077E-3 1.95244E-3 1.60848E-3 1.3875E-3 1.06706E-3 7.8751E-4 6.02465E-4 4.30829E-4 2.72549E-4 1.8517E-4 9.4181E-5 8.50406E-5 6.87308E-5 6.79665E-5 6.68267E-5 6.89311E-5 6.6521E-5 6.41507E-5 5.2421E-5 4.30758E-5 3.45984E-5 2.75541E-5 2.01169E-5 1.77899E-5 1.49763E-5 1.2925E-5 1.093E-5 8.70575E-6 6.57815E-6
-9999 -9999 -9999 -9999 -9999 -9999 -9999 -9999 -9999 -9999 -9999 -9999 -9999 -9999 -9999 -9999 -9999 -9999 -9999 -9999 -9999 -9999 -9999 -9999 -9999 -9999 -9999 -9999 -9999 -9999 -9999 -9999 -9999 -9999 -9999 -9999 -9999 7.78024E-1 6.03907E-1 3.15766E-1 1.46028E-1 7.26592E-2 3.92412E-2 2.35462E-2 1.31914E-2 7.45923E-3 4.86173E-3 3.24161E-3 2.17919E-3 1.82693E-3 1.55254E-3 1.18865E-3 8.3857E-4 6.35751E-4 4.3406E-4 2.97544E-4 1.98121E-4 1.27496E-4 9.04874E-5 7.05741E-5 7.1682E-5 6.94665E-5 6.95155E-5 6.78635E-5 6.48907E-5 5.18873E-5 4.06033E-5 3.16007E-5 2.59097E-5 2.05553E-5 1.6277E-5 1.3428E-5 1.15234E-5 9.26201E-6 7.69116E-6 5.68735E-6
-9999 -9999 -9999 -9999 -9999 -9999 -9999 -9999 -9999 -9999 -9999 -9999 -9999 -9999 -9999 -9999 -9999 -9999 -9999 -9999 -9999 -9999 -9999 -9999 -9999 -9999 -9999 -9999 -9999 -9999 -9999 -9999 -9999 -9999 -9999 -9999 -9999 -9999 6.51011E-1 3.36151E-1 1.62009E-1 8.4211E-2 4.62555E-2 2.53153E-2 1.45096E-2 8.45843E-3 5.32E-3 3.61423E-3 2.53622E-3 2.04861E-3 1.61509E-3 1.28056E-3 9.19832E-4 7.20056E-4 4.80054E-4 3.21553E-4 2.20198E-4 1.44464E-4 1.00744E-4 7.72565E-5 7.5385E-5 7.08727E-5 6.80169E-5 6.42172E-5 6.23637E-5 4.98476E-5 4.02363E-5 3.16047E-5 2.42257E-5 1.91651E-5 1.52411E-5 1.1653E-5 9.86172E-6 7.83519E-6 6.07848E-6 4.79086E-6
-9999 -9999 -9999 -9999 -9999 -9999 -9999 -9999 -9999 -9999 -9999 -9999 -9999 -9999 -9999 -9999 -9999 -9999 -9999 -9999 -9999 -9999 -9999 -9999 -9999 -9999 -9999 -9999 -9999 -9999 -9999 -9999 -9999 -9999 -9999 -9999 -9999 -9999 6.64791E-1 3.87799E-1 1.89839E-1 9.93429E-2 5.42528E-2 2.91379E-2 1.5962E-2 9.82403E-3 6.20041E-3 4.39944E-3 2.92708E-3 2.28636E-3 1.90744E-3 1.48834E-3 1.05924E-3 7.68222E-4 5.28423E-4 3.54246E-4 2.30048E-4 1.60759E-4 1.09201E-4 8.39342E-5 7.98651E-5 7.28344E-5 6.79517E-5 6.42186E-5 5.85108E-5 4.7709E-5 3.66652E-5 2.90958E-5 2.29874E-5 1.80766E-5 1.42798E-5 1.04492E-5 8.26865E-6 6.60812E-6 4.89896E-6 3.54555E-6
-9999 -9999 -9999 -9999 -9999 -9999 -9999 -9999 -9999 -9999 -9999 -9999 -9999 -9999 -9999 -9999 -9999 -9999 -9999 -9999 -9999 -9999 -9999 -9999 -9999 -9999 -9999 -9999 -9999 -9999 -9999 -9999 -9999 -9999 -9999 -9999 -9999 -9999 6.46133E-1 4.44341E-1 2.26569E-1 1.15762E-1 6.36225E-2 3.72848E-2 1.98104E-2 1.20592E-2 8.11733E-3 5.14161E-3 3.44119E-3 2.58267E-3 1.9857E-3 1.6241E-3 1.1937E-3 8.85193E-4 5.88284E-4 3.88362E-4 2.57942E-4 1.73236E-4 1.11416E-4 8.77241E-5 7.74677E-5 7.32436E-5 6.88967E-5 6.43709E-5 5.87614E-5 4.4964E-5 3.44192E-5 2.65881E-5 2.11263E-5 1.65287E-5 1.24314E-5 9.45355E-6 7.09796E-6 5.55144E-6 3.87457E-6 3.09749E-6
-9999 -9999 -9999 -9999 -9999 -9999 -9999 -9999 -9999 -9999 -9999 -9999 -9999 -9999 -9999 -9999 -9999 -9999 -9999 -9999 -9999 -9999 -9999 -9999 -9999 -9999 -9999 -9999 -9999 -9999 -9999 -9999 -9999 -9999 -9999 -9999 -9999 -9999 6.85848E-1 4.88273E-1 2.60463E-1 1.29029E-1 7.29245E-2 4.27865E-2 2.46858E-2 1.54593E-2 9.87847E-3 6.16397E-3 3.98348E-3 2.94158E-3 2.2829E-3 1.77266E-3 1.27582E-3 9.33572E-4 6.25808E-4 4.06919E-4 2.72E-4 1.84538E-4 1.21758E-4 8.80841E-5 7.79647E-5 7.24488E-5 6.89055E-5 6.07882E-5 5.39563E-5 4.23561E-5 3.15959E-5 2.40934E-5 1.90266E-5 1.46385E-5 1.105E-5 8.30748E-6 6.2591E-6 4.61972E-6 3.44478E-6 2.50189E-6
-9999 -9999 -9999 -9999 -9999 -9999 -9999 -9999 -9999 -9999 -9999 -9999 -9999 -9999 -9999 -9999 -9999 -9999 -9999 -9999 -9999 -9999 -9999 -9999 -9999 -9999 -9999 -9999 -9999 -9999 -9999 -9999 -9999 -9999 -9999 -9999 -9999 -9999 -9999 4.8075E-1 2.89691E-1 1.57299E-1 8.49713E-2 5.0634E-2 2.91157E-2 1.76917E-2 1.13963E-2 6.89302E-3 4.44514E-3 3.30831E-3 2.50231E-3 1.86145E-3 1.385E-3 9.93253E-4 6.66088E-4 4.39121E-4 2.94924E-4 1.98957E-4 1.28854E-4 9.28573E-5 8.03636E-5 7.23625E-5 6.57698E-5 5.77709E-5 5.20492E-5 3.92565E-5 2.95959E-5 2.21368E-5 1.68955E-5 1.31022E-5 9.90904E-6 7.27949E-6 5.33269E-6 3.85829E-6 2.89402E-6 2.23053E-6
-9999 -9999 -9999 -9999 -9999 -9999 -9999 -9999 -9999 -9999 -9999 -9999 -9999 -9999 -9999 -9999 -9999 -9999 -9999 -9999 -9999 -9999 -9999 -9999 -9999 -9999 -9999 -9999 -9999 -9999 -9999 -9999 -9999 -9999 -9999 -9999 -9999 -9999 -9999 5.29061E-1 3.07484E-1 1.71877E-1 9.85262E-2 5.86703E-2 3.32757E-2 1.98189E-2 1.22498E-2 7.77258E-3 5.28072E-3 3.83371E-3 2.66915E-3 2.00232E-3 1.44864E-3 1.03921E-3 6.81876E-4 4.66234E-4 3.0494E-4 2.04302E-4 1.35014E-4 9.75201E-5 8.33276E-5 7.27918E-5 6.35569E-5 5.58872E-5 4.97282E-5 3.59712E-5 2.73235E-5 1.98655E-5 1.51464E-5 1.16015E-5 8.3492E-6 6.31312E-6 4.56351E-6 3.41516E-6 2.52751E-6 1.87253E-6
-9999 -9999 -9999 -9999 -9999 -9999 -9999 -9999 -9999 -9999 -9999 -9999 -9999 -9999 -9999 -9999 -9999 -9999 -9999 -9999 -9999 -9999 -9999 -9999 -9999 -9999 -9999 -9999 -9999 -9999 -9999 -9999 -9999 -9999 -9999 -9999 -9999 -9999 -9999 5.44459E-1 4.06694E-1 2.13707E-1 1.19083E-1 6.82581E-2 3.88353E-2 2.24885E-2 1.37326E-2 8.96971E-3 6.11505E-3 4.47462E-3 3.08005E-3 2.1123E-3 1.52822E-3 1.08573E-3 7.00874E-4 4.79578E-4 3.19553E-4 2.06947E-4 1.42793E-4 1.00828E-4 8.38755E-5 7.27179E-5 6.25554E-5 5.46059E-5 4.62307E-5 3.41505E-5 2.47221E-5 1.83864E-5 1.35906E-5 1.01015E-5 7.18077E-6 5.07834E-6 3.93447E-6 2.82983E-6 1.98123E-6 1.46276E-6
-9999 -9999 -9999 -9999 -9999 -9999 -9999 -9999 -9999 -9999 -9999 -9999 -9999 -9999 -9999 -9999 -9999 -9999 -9999 -9999 -9999 -9999 -9999 -9999 -9999 -9999 -9999 -9999 -9999 -9999 -9999 -9999 -9999 -9999 -9999 -9999 -9999 -9999 -9999 6.0206E-1 4.63321E-1 2.35984E-1 1.36193E-1 7.70512E-2 4.25317E-2 2.47807E-2 1.54072E-2 1.03487E-2 7.14257E-3 4.94819E-3 3.22312E-3 2.24905E-3 1.57065E-3 1.13094E-3 7.13587E-4 4.81603E-4 3.34773E-4 2.14345E-4 1.50319E-4 1.07889E-4 8.57045E-5 7.24318E-5 6.20809E-5 5.27863E-5 4.43076E-5 3.1477E-5 2.28759E-5 1.66533E-5 1.23582E-5 8.91748E-6 6.45765E-6 4.77035E-6 3.37705E-6 2.26687E-6 1.50273E-6 1.11176E-6
-9999 -9999 -9999 -9999 -9999 -9999 -9999 -9999 -9999 -9999 -9999 -9999 -9999 -9999 -9999 -9999 -9999 -9999 -9999 -9999 -9999 -9999 -9999 -9999 -9999 -9999 -9999 -9999 -9999 -9999 -9999 -9999 -9999 -9999 -9999 -9999 -9999 -9999 -9999 5.77934E-1 4.88088E-1 2.70763E-1 1.4203E-1 8.25776E-2 4.98865E-2 2.90801E-2 1.67856E-2 1.11183E-2 7.64636E-3 5.09802E-3 3.65813E-3 2.57462E-3 1.76171E-3 1.26845E-3 8.12335E-4 5.30033E-4 3.72246E-4 2.35338E-4 1.60668E-4 1.13902E-4 8.88179E-5 7.13728E-5 5.94677E-5 5.02911E-5 4.08022E-5 2.9751E-5 2.07476E-5 1.48808E-5 1.11249E-5 8.10017E-6 5.86565E-6 4.14014E-6 3.04797E-6 1.97878E-6 1.35469E-6 9.96169E-7
-9999 -9999 -9999 -9999 -9999 -9999 -9999 -9999 -9999 -9999 -9999 -9999 -9999 -9999 -9999 -9999 -9999 -9999 -9999 -9999 -9999 -9999 -9999 -9999 -9999 -9999 -9999 -9999 -9999 -9999 -9999 -9999 -9999 -9999 -9999 -9999 -9999 -9999 -9999 -9999 4.38819E-1 3.00311E-1 1.73896E-1 9.8432E-2 5.8057E-2 3.39219E-2 1.96626E-2 1.22118E-2 8.735E-3 5.82274E-3 4.07441E-3 3.02689E-3 2.15892E-3 1.57316E-3 9.92685E-4 6.38923E-4 3.95127E-4 2.48928E-4 1.62494E-4 1.1293E-4 8.73543E-5 6.7991E-5 5.60595E-5 4.61405E-5 3.67748E-5 2.6921E-5 1.94465E-5 1.40911E-5 1.05E-5 7.51778E-6 5.42239E-6 4.03769E-6 2.80917E-6 1.91184E-6 1.26606E-6 9.44315E-7
-9999 -9999 -9999 -9999 -9999 -9999 -9999 -9999 -9999 -9999 -9999 -9999 -9999 -9999 -9999 -9999 -9999 -9999 -9999 -9999 -9999 -9999 -9999 -9999 -9999 -9999 -9999 -9999 -9999 -9999 -9999 -9999 -9999 -9999 -9999 -9999 -9999 -9999 -9999 -9999 4.82466E-1 3.09914E-1 2.06101E-1 1.23324E-1 7.38898E-2 4.42783E-2 2.591E-2 1.59903E-2 1.03575E-2 6.7948E-3 4.54836E-3 3.25526E-3 2.37094E-3 1.62869E-3 1.12129E-3 6.91029E-4 4.38246E-4 2.59939E-4 1.59757E-4 1.11438E-4 8.47123E-5 6.7194E-5 5.54368E-5 4.26995E-5 3.51905E-5 2.48804E-5 1.82242E-5 1.3188E-5 9.64217E-6 7.11553E-6 5.16884E-6 3.73545E-6 2.71606E-6 1.7812E-6 1.19161E-6 9.28963E-7
-9999 -9999 -9999 -9999 -9999 -9999 -9999 -9999 -9999 -9999 -9999 -9999 -9999 -9999 -9999 -9999 -9999 -9999 -9999 -9999 -9999 -9999 -9999 -9999 -9999 -9999 -9999 -9999 -9999 -9999 -9999 -9999 -9999 -9999 -9999 -9999 -9999 -9999 -9999 -9999 5.68669E-1 4.33195E-1 2.91925E-1 1.78077E-1 1.06074E-1 6.50127E-2 3.75365E-2 2.10493E-2 1.20244E-2 7.22509E-3 5.0058E-3 3.26063E-3 2.37093E-3 1.60481E-3 1.18268E-3 7.67495E-4 4.66244E-4 2.7736E-4 1.68999E-4 1.09948E-4 8.42887E-5 6.63475E-5 5.13315E-5 4.02857E-5 3.22938E-5 2.3566E-5 1.71985E-5 1.25647E-5 9.21402E-6 6.70303E-6 4.9762E-6 3.53328E-6 2.26737E-6 1.62382E-6 1.10774E-6 8.26826E-7
-9999 -9999 -9999 -9999 -9999 -9999 -9999 -9999 -9999 -9999 -9999 -9999 -9999 -9999 -9999 -9999 -9999 -9999 -9999 -9999 -9999 -9999 -9999 -9999 -9999 -9999 -9999 -9999 -9999 -9999 -9999 -9999 -9999 -9999 -9999 -9999 -9999 -9999 -9999 -9999 -9999 6.49652E-1 -9999 4.57455E-1 2.47513E-1 1.45151E-1 7.20895E-2 3.2444E-2 1.62098E-2 8.29091E-3 5.43863E-3 3.66834E-3 2.43262E-3 1.6163E-3 1.20856E-3 8.6881E-4 4.89886E-4 2.86328E-4 1.6969E-4 1.10529E-4 7.96007E-5 6.3278E-5 4.82499E-5 3.94884E-5 3.01428E-5 2.27546E-5 1.65581E-5 1.18876E-5 8.71724E-6 6.46244E-6 4.57034E-6 3.36319E-6 2.07478E-6 1.39722E-6 1.05152E-6 7.81457E-7
-9999 -9999 -9999 -9999 -9999 -9999 -9999 -9999 -9999 -9999 -9999 -9999 -9999 -9999 -9999 -9999 -9999 -9999 -9999 -9999 -9999 -9999 -9999 -9999 -9999 -9999 -9999 -9999 -9999 -9999 -9999 -9999 -9999 -9999 -9999 -9999 -9999 -9999 -9999 -9999 -9999 -9999 -9999 7.08453E-1 5.43956E-1 3.27599E-1 1.70157E-1 6.60453E-2 2.56275E-2 1.0947E-2 6.24451E-3 4.33116E-3 2.66189E-3 1.67104E-3 1.25877E-3 9.7264E-4 5.36603E-4 2.9699E-4 1.78137E-4 1.08077E-4 7.92277E-5 6.08764E-5 4.75793E-5 3.59803E-5 2.86924E-5 2.17006E-5 1.57127E-5 1.15694E-5 8.19051E-6 6.06035E-6 4.3992E-6 3.08428E-6 1.98974E-6 1.33316E-6 1.02466E-6 7.56853E-7
-9999 -9999 -9999 -9999 -9999 -9999 -9999 -9999 -9999 -9999 -9999 -9999 -9999 -9999 -9999 -9999 -9999 -9999 -9999 -9999 -9999 -9999 -9999 -9999 -9999 -9999 -9999 -9999 -9999 -9999 -9999 -9999 -9999 -9999 -9999 -9999 -9999 -9999 -9999 -9999 -9999 -9999 -9999 6.80151E-1 5.58982E-1 3.72182E-1 2.37837E-1 1.38104E-1 6.44086E-2 1.97764E-2 8.55911E-3 5.01456E-3 2.95441E-3 1.82698E-3 1.31176E-3 9.9346E-4 5.77286E-4 3.15464E-4 1.80905E-4 1.14379E-4 8.60245E-5 6.32467E-5 4.96175E-5 3.79122E-5 2.98711E-5 2.09566E-5 1.55288E-5 1.11983E-5 8.1241E-6 5.87538E-6 4.02935E-6 2.79643E-6 1.78733E-6 1.32567E-6 9.90012E-7 7.08462E-7
-9999 -9999 -9999 -9999 -9999 -9999 -9999 -9999 -9999 -9999 -9999 -9999 -9999 -9999 -9999 -9999 -9999 -9999 -9999 -9999 -9999 -9999 -9999 -9999 -9999 -9999 -9999 -9999 -9999 -9999 -9999 -9999 -9999 -9999 -9999 -9999 -9999 -9999 -9999 -9999 -9999 -9999 -9999 6.32948E-1 5.9547E-1 4.21597E-1 2.97584E-1 1.90722E-1 1.09071E-1 4.32328E-2 1.26752E-2 6.35592E-3 3.58674E-3 2.13192E-3 1.42942E-3 1.01887E-3 6.14379E-4 3.2767E-4 1.90571E-4 1.17715E-4 8.75515E-5 6.52563E-5 5.03227E-5 3.82E-5 2.95196E-5 2.15834E-5 1.50566E-5 1.10722E-5 7.80759E-6 5.57264E-6 3.98216E-6 2.84572E-6 1.69515E-6 1.269E-6 9.20698E-7 6.59358E-7
