data/processed/Maxent_results1/MaxEnt_Output_betamultiplier_3/religiosa_min.asc
ncols         804
nrows         479
xllcorner     -160.716666666667
yllcorner     18.575
cellsize      0.008333333333
NODATA_value  -9999
[rows 340 to 373 of 479, columns 532 to 607 of 804]
-9999 -9999 -9999 -9999 -9999 -9999 -9999 -9999 -9999 -9999 -9999 -9999 -9999 -9999 -9999 -9999 -9999 -9999 -9999 -9999 -9999 -9999 -9999 -9999 -9999 -9999 -9999 9.71117E-1 9.69763E-1 9.40004E-1 8.57765E-1 6.89185E-1 4.03108E-1 2.44557E-1 1.3824E-1 6.12894E-2 2.01739E-2 9.92173E-3 4.72188E-3 2.72277E-3 1.11161E-3 4.87853E-4 2.38695E-4 1.57181E-4 1.21853E-4 7.8942E-5 6.09461E-5 5.61516E-5 6.33691E-5 5.4807E-5 4.44985E-5 4.12687E-5 3.93227E-5 3.52084E-5 3.80197E-5 3.69044E-5 3.75516E-5 3.79849E-5 3.71675E-5 3.39617E-5 3.34156E-5 3.14529E-5 3.00432E-5 2.78454E-5 2.54107E-5 2.58586E-5 2.20598E-5 2.01482E-5 1.92993E-5 1.84404E-5 1.71712E-5 1.42558E-5 1.23187E-5 1.01403E-5 9.15825E-6 7.9332E-6
-9999 -9999 -9999 -9999 -9999 -9999 -9999 -9999 -9999 -9999 -9999 -9999 -9999 -9999 -9999 -9999 -9999 -9999 -9999 -9999 -9999 -9999 -9999 -9999 -9999 -9999 -9999 9.75941E-1 9.68561E-1 9.52105E-1 8.7065E-1 7.11845E-1 4.32702E-1 2.57506E-1 1.47012E-1 6.56277E-2 2.4859E-2 1.20431E-2 4.88615E-3 2.80394E-3 1.1703E-3 5.05148E-4 2.10786E-4 9.09071E-5 4.52632E-5 3.8285E-5 2.89589E-5 2.46934E-5 2.54873E-5 2.49566E-5 2.10103E-5 2.09068E-5 1.98589E-5 1.87165E-5 2.25124E-5 2.01749E-5 2.2378E-5 2.31881E-5 2.28742E-5 2.23591E-5 2.27325E-5 2.1665E-5 1.97974E-5 1.92932E-5 1.88601E-5 2.00379E-5 1.91807E-5 1.75278E-5 1.66205E-5 1.6032E-5 1.45654E-5 1.21159E-5 9.97855E-6 8.75815E-6 7.67481E-6 6.84456E-6
-9999 -9999 -9999 -9999 -9999 -9999 -9999 -9999 -9999 -9999 -9999 -9999 -9999 -9999 -9999 -9999 -9999 -9999 -9999 -9999 -9999 -9999 -9999 -9999 -9999 -9999 -9999 -9999 9.63776E-1 9.52084E-1 8.92985E-1 7.11882E-1 4.81448E-1 3.00586E-1 1.74227E-1 8.20596E-2 3.64227E-2 1.53478E-2 5.66814E-3 3.55991E-3 1.53671E-3 6.91112E-4 3.08642E-4 1.22131E-4 4.16359E-5 2.92146E-5 1.85065E-5 1.41772E-5 1.1246E-5 1.17691E-5 1.29669E-5 1.2224E-5 1.05021E-5 1.00253E-5 1.16781E-5 1.06633E-5 1.22478E-5 1.32832E-5 1.44036E-5 1.53829E-5 1.52746E-5 1.48238E-5 1.42965E-5 1.28123E-5 1.22106E-5 1.45084E-5 1.49832E-5 1.59251E-5 1.43958E-5 1.40015E-5 1.1289E-5 9.9547E-6 8.4244E-6 7.64528E-6 6.90011E-6 5.59843E-6
-9999 -9999 -9999 -9999 -9999 -9999 -9999 -9999 -9999 -9999 -9999 -9999 -9999 -9999 -9999 -9999 -9999 -9999 -9999 -9999 -9999 -9999 -9999 -9999 -9999 -9999 -9999 -9999 9.65899E-1 9.57092E-1 9.36223E-1 8.06244E-1 4.86247E-1 3.47795E-1 2.10072E-1 1.13693E-1 4.20252E-2 1.73437E-2 8.92561E-3 4.71848E-3 2.18436E-3 1.00691E-3 4.64732E-4 2.01836E-4 5.56987E-5 2.92869E-5 1.72733E-5 9.55447E-6 6.96801E-6 6.31021E-6 7.33454E-6 7.10855E-6 5.76409E-6 4.89329E-6 5.06762E-6 5.63104E-6 6.30132E-6 7.94574E-6 9.01161E-6 9.02723E-6 8.43996E-6 8.61357E-6 8.55833E-6 8.80311E-6 9.15124E-6 9.70772E-6 1.10834E-5 1.09011E-5 1.20265E-5 1.16006E-5 9.86935E-6 8.3513E-6 6.75809E-6 5.97872E-6 5.49567E-6 4.79164E-6
-9999 -9999 -9999 -9999 -9999 -9999 -9999 -9999 -9999 -9999 -9999 -9999 -9999 -9999 -9999 -9999 -9999 -9999 -9999 -9999 -9999 -9999 -9999 -9999 -9999 -9999 -9999 -9999 9.66456E-1 9.56002E-1 9.46389E-1 8.3879E-1 6.19028E-1 4.05327E-1 2.90149E-1 1.57035E-1 7.0526E-2 2.61728E-2 9.89028E-3 6.79658E-3 3.3917E-3 1.65043E-3 6.69371E-4 2.48898E-4 1.04553E-4 3.10661E-5 1.90574E-5 1.01358E-5 5.95001E-6 4.70215E-6 4.90137E-6 4.55847E-6 3.50965E-6 2.71531E-6 2.9233E-6 3.28477E-6 3.66518E-6 4.68548E-6 5.46516E-6 4.92525E-6 5.63428E-6 5.7891E-6 5.68444E-6 6.67994E-6 6.4482E-6 7.25995E-6 6.93892E-6 7.31789E-6 8.53188E-6 9.4572E-6 8.76446E-6 7.35538E-6 6.60094E-6 5.47529E-6 4.36606E-6 3.74771E-6
-9999 -9999 -9999 -9999 -9999 -9999 -9999 -9999 -9999 -9999 -9999 -9999 -9999 -9999 -9999 -9999 -9999 -9999 -9999 -9999 -9999 -9999 -9999 -9999 -9999 -9999 -9999 -9999 -9999 -9999 9.56359E-1 8.94175E-1 6.74063E-1 4.6622E-1 3.25605E-1 1.99393E-1 8.17467E-2 3.69869E-2 1.45142E-2 9.41937E-3 4.83474E-3 2.33582E-3 9.77691E-4 4.34773E-4 1.94413E-4 7.46649E-5 2.55104E-5 1.26973E-5 7.29718E-6 4.60371E-6 4.23368E-6 4.54302E-6 3.54753E-6 2.67506E-6 2.63011E-6 2.86389E-6 2.96765E-6 3.7369E-6 4.16342E-6 3.9376E-6 4.56131E-6 4.82553E-6 4.92569E-6 4.95733E-6 5.48771E-6 5.69078E-6 5.86863E-6 6.51003E-6 7.15929E-6 8.15638E-6 8.33145E-6 7.41103E-6 5.68853E-6 4.67596E-6 4.0971E-6 3.58392E-6
-9999 -9999 -9999 -9999 -9999 -9999 -9999 -9999 -9999 -9999 -9999 -9999 -9999 -9999 -9999 -9999 -9999 -9999 -9999 -9999 -9999 -9999 -9999 -9999 -9999 -9999 -9999 -9999 -9999 -9999 9.64964E-1 9.19526E-1 7.6528E-1 5.2825E-1 3.6089E-1 2.23483E-1 1.22425E-1 4.85563E-2 2.14394E-2 9.73447E-3 6.41482E-3 3.3383E-3 1.56308E-3 7.56032E-4 2.90061E-4 1.11606E-4 3.58012E-5 1.85431E-5 1.15938E-5 8.81801E-6 7.3587E-6 6.44725E-6 4.5912E-6 3.62691E-6 3.00745E-6 3.09526E-6 3.13384E-6 3.61688E-6 3.9881E-6 3.65273E-6 3.67393E-6 4.03601E-6 4.08574E-6 4.05668E-6 4.09979E-6 5.18605E-6 5.3677E-6 5.89444E-6 6.54709E-6 7.36447E-6 7.27381E-6 6.30522E-6 4.95275E-6 4.19499E-6 3.34799E-6 3.08655E-6
-9999 -9999 -9999 -9999 -9999 -9999 -9999 -9999 -9999 -9999 -9999 -9999 -9999 -9999 -9999 -9999 -9999 -9999 -9999 -9999 -9999 -9999 -9999 -9999 -9999 -9999 -9999 -9999 -9999 -9999 -9999 9.18139E-1 8.58369E-1 6.48149E-1 4.24736E-1 2.58819E-1 1.48567E-1 7.54202E-2 3.48359E-2 1.34073E-2 6.82232E-3 4.38201E-3 2.41445E-3 1.1095E-3 4.40508E-4 1.95112E-4 8.49644E-5 3.51601E-5 2.17157E-5 1.67534E-5 1.26511E-5 9.08284E-6 6.61999E-6 4.75012E-6 3.81766E-6 3.56996E-6 3.50304E-6 3.73291E-6 3.5725E-6 3.13528E-6 3.29676E-6 3.43766E-6 3.51776E-6 3.96923E-6 3.93811E-6 4.69748E-6 5.32469E-6 5.91911E-6 6.19874E-6 6.84617E-6 6.49809E-6 5.37603E-6 4.34981E-6 3.83638E-6 3.27568E-6 2.83909E-6
-9999 -9999 -9999 -9999 -9999 -9999 -9999 -9999 -9999 -9999 -9999 -9999 -9999 -9999 -9999 -9999 -9999 -9999 -9999 -9999 -9999 -9999 -9999 -9999 -9999 -9999 -9999 -9999 -9999 -9999 9.64271E-1 9.04615E-1 8.54381E-1 7.26608E-1 5.14276E-1 3.39854E-1 2.0418E-1 1.01676E-1 4.05884E-2 1.95202E-2 9.54083E-3 4.57695E-3 3.04402E-3 1.44802E-3 6.41079E-4 2.9192E-4 1.58291E-4 8.37583E-5 4.35713E-5 2.81515E-5 2.11829E-5 1.19128E-5 8.20539E-6 5.89964E-6 4.84911E-6 4.22655E-6 4.17958E-6 3.85975E-6 3.24962E-6 2.9905E-6 3.23646E-6 2.79693E-6 3.0698E-6 3.0525E-6 3.61565E-6 3.96741E-6 5.03661E-6 5.10231E-6 5.87446E-6 6.07821E-6 5.62668E-6 4.65059E-6 3.91231E-6 3.45261E-6 3.05731E-6 2.56504E-6
-9999 -9999 -9999 -9999 -9999 -9999 -9999 -9999 -9999 -9999 -9999 -9999 -9999 -9999 -9999 -9999 -9999 -9999 -9999 -9999 -9999 -9999 -9999 -9999 -9999 -9999 -9999 -9999 -9999 -9999 9.64711E-1 9.07879E-1 8.7145E-1 7.93598E-1 5.76761E-1 4.27352E-1 2.82807E-1 1.53833E-1 6.7832E-2 2.57297E-2 1.35709E-2 6.01492E-3 3.04185E-3 1.96426E-3 9.05249E-4 4.30876E-4 2.32856E-4 1.46373E-4 7.26977E-5 4.60245E-5 2.6348E-5 1.80296E-5 1.1036E-5 7.60402E-6 6.28719E-6 5.49884E-6 5.01336E-6 4.21288E-6 3.11984E-6 2.77548E-6 3.10883E-6 3.08221E-6 2.7962E-6 2.96454E-6 2.85491E-6 3.61822E-6 4.30606E-6 4.93225E-6 5.21322E-6 5.11962E-6 4.69733E-6 3.97352E-6 3.44115E-6 2.96906E-6 2.5911E-6 2.42641E-6
-9999 -9999 -9999 -9999 -9999 -9999 -9999 -9999 -9999 -9999 -9999 -9999 -9999 -9999 -9999 -9999 -9999 -9999 -9999 -9999 -9999 -9999 -9999 -9999 -9999 -9999 -9999 -9999 -9999 -9999 -9999 -9999 8.81085E-1 8.38319E-1 7.24897E-1 5.67914E-1 3.77764E-1 2.18767E-1 1.08108E-1 3.73784E-2 1.55106E-2 8.22894E-3 3.61721E-3 2.01145E-3 1.20571E-3 6.42986E-4 2.66474E-4 1.73132E-4 1.06579E-4 6.29088E-5 4.29625E-5 2.36687E-5 1.75466E-5 1.05462E-5 8.06532E-6 6.43307E-6 5.4115E-6 4.55258E-6 3.29297E-6 2.86661E-6 3.05906E-6 2.99967E-6 3.47413E-6 3.18149E-6 3.40569E-6 3.34587E-6 4.01834E-6 4.00058E-6 4.43942E-6 4.28841E-6 3.74908E-6 3.15207E-6 2.73521E-6 2.44633E-6 2.19142E-6 1.98222E-6
-9999 -9999 -9999 -9999 -9999 -9999 -9999 -9999 -9999 -9999 -9999 -9999 -9999 -9999 -9999 -9999 -9999 -9999 -9999 -9999 -9999 -9999 -9999 -9999 -9999 -9999 -9999 -9999 -9999 -9999 -9999 -9999 -9999 -9999 -9999 6.76967E-1 4.65227E-1 3.01176E-1 1.67044E-1 5.29752E-2 2.24644E-2 8.36592E-3 4.24596E-3 2.3198E-3 1.23004E-3 7.6427E-4 3.60613E-4 2.12017E-4 1.35344E-4 8.74665E-5 5.95899E-5 4.0508E-5 2.36966E-5 1.74915E-5 1.14584E-5 8.29318E-6 6.64272E-6 5.78592E-6 4.42308E-6 3.14637E-6 3.24387E-6 3.61015E-6 3.65596E-6 3.9348E-6 3.86316E-6 3.8027E-6 4.05334E-6 3.77882E-6 3.61297E-6 3.47786E-6 2.83049E-6 2.4028E-6 2.02555E-6 1.81806E-6 1.65854E-6 1.42012E-6
-9999 -9999 -9999 -9999 -9999 -9999 -9999 -9999 -9999 -9999 -9999 -9999 -9999 -9999 -9999 -9999 -9999 -9999 -9999 -9999 -9999 -9999 -9999 -9999 -9999 -9999 -9999 -9999 -9999 -9999 -9999 -9999 -9999 -9999 -9999 7.33051E-1 5.38403E-1 3.63939E-1 2.08678E-1 6.83105E-2 2.55182E-2 1.09658E-2 5.58723E-3 2.97672E-3 1.53678E-3 7.79617E-4 4.65922E-4 2.62349E-4 2.09424E-4 1.21678E-4 8.91509E-5 5.74347E-5 3.83268E-5 2.54115E-5 1.74827E-5 1.16229E-5 8.83277E-6 7.07315E-6 4.80453E-6 3.29451E-6 3.85315E-6 3.94513E-6 4.11225E-6 4.266E-6 4.39648E-6 3.9878E-6 4.00779E-6 3.70888E-6 3.05705E-6 2.68772E-6 2.26752E-6 1.75096E-6 1.5684E-6 1.40984E-6 1.23441E-6 1.12553E-6
-9999 -9999 -9999 -9999 -9999 -9999 -9999 -9999 -9999 -9999 -9999 -9999 -9999 -9999 -9999 -9999 -9999 -9999 -9999 -9999 -9999 -9999 -9999 -9999 -9999 -9999 -9999 -9999 -9999 -9999 -9999 -9999 -9999 -9999 -9999 -9999 6.56529E-1 4.83779E-1 2.33618E-1 8.37549E-2 3.7582E-2 1.37449E-2 6.39606E-3 3.16974E-3 1.61785E-3 1.00489E-3 6.24722E-4 4.14082E-4 2.81302E-4 1.70922E-4 1.20152E-4 8.3424E-5 5.49251E-5 3.41331E-5 2.33132E-5 1.6472E-5 1.10378E-5 7.94057E-6 5.5093E-6 3.78676E-6 4.13462E-6 4.5052E-6 4.81734E-6 4.75808E-6 4.75386E-6 3.7787E-6 3.6226E-6 3.1489E-6 2.62166E-6 2.10691E-6 1.89214E-6 1.62288E-6 1.30782E-6 1.12946E-6 1.00318E-6 8.53419E-7
-9999 -9999 -9999 -9999 -9999 -9999 -9999 -9999 -9999 -9999 -9999 -9999 -9999 -9999 -9999 -9999 -9999 -9999 -9999 -9999 -9999 -9999 -9999 -9999 -9999 -9999 -9999 -9999 -9999 -9999 -9999 -9999 -9999 -9999 -9999 -9999 7.43935E-1 5.97908E-1 3.28308E-1 1.21187E-1 4.11302E-2 1.89898E-2 8.12029E-3 4.14126E-3 2.16933E-3 1.20643E-3 7.15167E-4 5.42146E-4 3.48128E-4 2.20859E-4 1.61488E-4 1.13016E-4 7.32016E-5 5.01904E-5 3.19634E-5 2.10421E-5 1.25123E-5 8.87833E-6 5.98107E-6 4.36217E-6 4.74127E-6 5.25359E-6 5.30641E-6 5.32719E-6 5.10957E-6 4.07335E-6 3.5414E-6 2.97782E-6 2.21797E-6 1.80322E-6 1.45264E-6 1.27879E-6 1.13631E-6 8.73163E-7 7.52198E-7 6.66445E-7
-9999 -9999 -9999 -9999 -9999 -9999 -9999 -9999 -9999 -9999 -9999 -9999 -9999 -9999 -9999 -9999 -9999 -9999 -9999 -9999 -9999 -9999 -9999 -9999 -9999 -9999 -9999 -9999 -9999 -9999 -9999 -9999 -9999 -9999 -9999 -9999 -9999 6.70399E-1 4.09902E-1 1.4144E-1 5.87015E-2 2.29602E-2 1.02822E-2 5.43379E-3 2.77915E-3 1.48781E-3 9.21669E-4 5.29515E-4 4.2731E-4 3.08609E-4 1.94032E-4 1.34509E-4 9.34004E-5 6.60903E-5 4.14257E-5 2.60677E-5 1.58063E-5 9.41286E-6 6.53887E-6 4.75642E-6 5.07241E-6 5.09183E-6 5.42096E-6 5.44896E-6 5.47499E-6 4.34631E-6 3.31514E-6 2.66299E-6 2.12735E-6 1.47678E-6 1.20759E-6 1.0613E-6 8.89787E-7 7.27017E-7 5.98147E-7 5.16044E-7
-9999 -9999 -9999 -9999 -9999 -9999 -9999 -9999 -9999 -9999 -9999 -9999 -9999 -9999 -9999 -9999 -9999 -9999 -9999 -9999 -9999 -9999 -9999 -9999 -9999 -9999 -9999 -9999 -9999 -9999 -9999 -9999 -9999 -9999 -9999 -9999 -9999 6.60449E-1 4.92425E-1 1.97986E-1 7.76644E-2 2.50159E-2 1.34864E-2 5.63135E-3 2.99257E-3 1.64793E-3 9.17699E-4 5.51506E-4 4.29859E-4 2.95033E-4 2.09096E-4 1.37471E-4 9.60217E-5 7.08939E-5 4.9206E-5 2.99053E-5 1.86801E-5 9.28743E-6 7.32726E-6 5.80665E-6 5.73893E-6 5.58896E-6 5.77778E-6 5.52747E-6 5.25652E-6 4.20436E-6 3.36714E-6 2.60423E-6 1.88162E-6 1.34896E-6 1.11359E-6 9.02897E-7 7.58348E-7 6.18902E-7 4.98353E-7 3.8392E-7
-9999 -9999 -9999 -9999 -9999 -9999 -9999 -9999 -9999 -9999 -9999 -9999 -9999 -9999 -9999 -9999 -9999 -9999 -9999 -9999 -9999 -9999 -9999 -9999 -9999 -9999 -9999 -9999 -9999 -9999 -9999 -9999 -9999 -9999 -9999 -9999 -9999 6.82626E-1 5.31195E-1 2.37004E-1 9.16127E-2 3.15752E-2 1.28646E-2 7.13416E-3 3.4812E-3 1.82618E-3 1.08388E-3 7.06491E-4 4.41864E-4 4.10218E-4 2.41777E-4 1.68516E-4 1.075E-4 7.65373E-5 4.97741E-5 3.23504E-5 1.95632E-5 1.22879E-5 8.12158E-6 6.12011E-6 6.09386E-6 6.14788E-6 6.05139E-6 6.16307E-6 5.18124E-6 4.13049E-6 3.11221E-6 2.33816E-6 1.8044E-6 1.32622E-6 1.0429E-6 8.1164E-7 6.58434E-7 5.15712E-7 4.15153E-7 3.09785E-7
-9999 -9999 -9999 -9999 -9999 -9999 -9999 -9999 -9999 -9999 -9999 -9999 -9999 -9999 -9999 -9999 -9999 -9999 -9999 -9999 -9999 -9999 -9999 -9999 -9999 -9999 -9999 -9999 -9999 -9999 -9999 -9999 -9999 -9999 -9999 -9999 -9999 -9999 5.6822E-1 2.65853E-1 9.84997E-2 4.54065E-2 1.84418E-2 8.47507E-3 4.16409E-3 2.27932E-3 1.28141E-3 8.1957E-4 6.31464E-4 4.64166E-4 2.66894E-4 1.8956E-4 1.1674E-4 8.8364E-5 5.63663E-5 3.44615E-5 2.23145E-5 1.3557E-5 8.90287E-6 6.82104E-6 6.46784E-6 6.08654E-6 5.8353E-6 5.16557E-6 5.34825E-6 4.14891E-6 3.14245E-6 2.25694E-6 1.65084E-6 1.26364E-6 9.49077E-7 7.11181E-7 5.62027E-7 4.30297E-7 3.22161E-7 2.49244E-7
-9999 -9999 -9999 -9999 -9999 -9999 -9999 -9999 -9999 -9999 -9999 -9999 -9999 -9999 -9999 -9999 -9999 -9999 -9999 -9999 -9999 -9999 -9999 -9999 -9999 -9999 -9999 -9999 -9999 -9999 -9999 -9999 -9999 -9999 -9999 -9999 -9999 -9999 5.72141E-1 3.1815E-1 1.33518E-1 5.34211E-2 2.40674E-2 1.0812E-2 4.87995E-3 2.88528E-3 1.58043E-3 1.00187E-3 6.45816E-4 4.48879E-4 3.3313E-4 2.28379E-4 1.46982E-4 9.44866E-5 6.25836E-5 3.95996E-5 2.43594E-5 1.54587E-5 1.00157E-5 8.14023E-6 7.46185E-6 6.37746E-6 6.12771E-6 5.4291E-6 4.85803E-6 3.63481E-6 2.8924E-6 2.07535E-6 1.56254E-6 1.14384E-6 8.71153E-7 6.2112E-7 4.66324E-7 3.56358E-7 2.58242E-7 1.82283E-7
-9999 -9999 -9999 -9999 -9999 -9999 -9999 -9999 -9999 -9999 -9999 -9999 -9999 -9999 -9999 -9999 -9999 -9999 -9999 -9999 -9999 -9999 -9999 -9999 -9999 -9999 -9999 -9999 -9999 -9999 -9999 -9999 -9999 -9999 -9999 -9999 -9999 -9999 5.53989E-1 3.58554E-1 1.6036E-1 6.42382E-2 2.88618E-2 1.48476E-2 6.43934E-3 3.56885E-3 2.20505E-3 1.22889E-3 7.87085E-4 5.74967E-4 3.29297E-4 2.50975E-4 1.71252E-4 1.12634E-4 7.05494E-5 4.45143E-5 2.69165E-5 1.74543E-5 1.01859E-5 7.72869E-6 7.22927E-6 6.40611E-6 5.83834E-6 5.30199E-6 4.83445E-6 3.73482E-6 2.49652E-6 1.91964E-6 1.50426E-6 1.04812E-6 7.52955E-7 5.51758E-7 3.96151E-7 2.9967E-7 2.0169E-7 1.54714E-7
-9999 -9999 -9999 -9999 -9999 -9999 -9999 -9999 -9999 -9999 -9999 -9999 -9999 -9999 -9999 -9999 -9999 -9999 -9999 -9999 -9999 -9999 -9999 -9999 -9999 -9999 -9999 -9999 -9999 -9999 -9999 -9999 -9999 -9999 -9999 -9999 -9999 -9999 5.8416E-1 3.9204E-1 1.84163E-1 7.33156E-2 3.26014E-2 1.58429E-2 9.01843E-3 4.71082E-3 2.80727E-3 1.52911E-3 9.41031E-4 6.15758E-4 3.83901E-4 2.56638E-4 1.76305E-4 1.20612E-4 7.86066E-5 4.6493E-5 2.97873E-5 1.82074E-5 1.14667E-5 7.79638E-6 6.78049E-6 6.55073E-6 5.82139E-6 4.96958E-6 4.60434E-6 3.41474E-6 2.38722E-6 1.67643E-6 1.33246E-6 9.53364E-7 6.63729E-7 4.76239E-7 3.45469E-7 2.46454E-7 1.73401E-7 1.23167E-7
-9999 -9999 -9999 -9999 -9999 -9999 -9999 -9999 -9999 -9999 -9999 -9999 -9999 -9999 -9999 -9999 -9999 -9999 -9999 -9999 -9999 -9999 -9999 -9999 -9999 -9999 -9999 -9999 -9999 -9999 -9999 -9999 -9999 -9999 -9999 -9999 -9999 -9999 -9999 4.1437E-1 2.07756E-1 9.66245E-2 4.09307E-2 2.00434E-2 9.65577E-3 6.36659E-3 3.77134E-3 2.02788E-3 1.13066E-3 7.3142E-4 4.10677E-4 2.90562E-4 1.94199E-4 1.31018E-4 8.20936E-5 5.27078E-5 3.25671E-5 1.98605E-5 1.20128E-5 8.22373E-6 6.9921E-6 6.1063E-6 5.47658E-6 4.66285E-6 4.18314E-6 3.26256E-6 2.22102E-6 1.51293E-6 1.16565E-6 8.10382E-7 5.89144E-7 4.12456E-7 2.91624E-7 2.03113E-7 1.43704E-7 1.08166E-7
-9999 -9999 -9999 -9999 -9999 -9999 -9999 -9999 -9999 -9999 -9999 -9999 -9999 -9999 -9999 -9999 -9999 -9999 -9999 -9999 -9999 -9999 -9999 -9999 -9999 -9999 -9999 -9999 -9999 -9999 -9999 -9999 -9999 -9999 -9999 -9999 -9999 -9999 -9999 4.58451E-1 2.3597E-1 1.03293E-1 4.82435E-2 2.32622E-2 1.27853E-2 6.41078E-3 3.80501E-3 2.21235E-3 1.19988E-3 7.50144E-4 4.36838E-4 3.15989E-4 2.09859E-4 1.37911E-4 8.51444E-5 5.65718E-5 3.3395E-5 2.03567E-5 1.26544E-5 8.79047E-6 7.30899E-6 6.19058E-6 5.32235E-6 4.54788E-6 3.93184E-6 2.75999E-6 2.03117E-6 1.39932E-6 1.08436E-6 7.38772E-7 4.88996E-7 3.5741E-7 2.42695E-7 1.74013E-7 1.24709E-7 9.18478E-8
-9999 -9999 -9999 -9999 -9999 -9999 -9999 -9999 -9999 -9999 -9999 -9999 -9999 -9999 -9999 -9999 -9999 -9999 -9999 -9999 -9999 -9999 -9999 -9999 -9999 -9999 -9999 -9999 -9999 -9999 -9999 -9999 -9999 -9999 -9999 -9999 -9999 -9999 -9999 4.79613E-1 3.31818E-1 1.45449E-1 6.52395E-2 2.74157E-2 1.35437E-2 7.41177E-3 3.93406E-3 2.38919E-3 1.56499E-3 9.67876E-4 5.51849E-4 3.46693E-4 2.30665E-4 1.45966E-4 9.0178E-5 5.88973E-5 3.48872E-5 2.1549E-5 1.33091E-5 9.1491E-6 7.31368E-6 6.22425E-6 5.19273E-6 4.44275E-6 3.7574E-6 2.56483E-6 1.80622E-6 1.28625E-6 9.57224E-7 6.56665E-7 4.3161E-7 2.87905E-7 2.07453E-7 1.43066E-7 9.985E-8 7.27932E-8
-9999 -9999 -9999 -9999 -9999 -9999 -9999 -9999 -9999 -9999 -9999 -9999 -9999 -9999 -9999 -9999 -9999 -9999 -9999 -9999 -9999 -9999 -9999 -9999 -9999 -9999 -9999 -9999 -9999 -9999 -9999 -9999 -9999 -9999 -9999 -9999 -9999 -9999 -9999 5.41205E-1 3.89993E-1 1.61179E-1 7.29894E-2 3.09385E-2 1.55256E-2 7.11534E-3 4.70953E-3 2.75609E-3 1.5459E-3 9.17293E-4 5.44459E-4 3.50092E-4 2.25651E-4 1.62041E-4 8.90355E-5 5.62071E-5 3.72413E-5 2.20369E-5 1.42089E-5 9.70518E-6 7.47866E-6 6.11997E-6 5.13953E-6 4.222E-6 3.533E-6 2.36918E-6 1.78304E-6 1.10555E-6 8.2699E-7 5.59748E-7 3.774E-7 2.64697E-7 1.74444E-7 1.1731E-7 7.89319E-8 5.82462E-8
-9999 -9999 -9999 -9999 -9999 -9999 -9999 -9999 -9999 -9999 -9999 -9999 -9999 -9999 -9999 -9999 -9999 -9999 -9999 -9999 -9999 -9999 -9999 -9999 -9999 -9999 -9999 -9999 -9999 -9999 -9999 -9999 -9999 -9999 -9999 -9999 -9999 -9999 -9999 5.35039E-1 3.58822E-1 1.75236E-1 7.62769E-2 3.44479E-2 1.82604E-2 9.22176E-3 4.68084E-3 2.92043E-3 1.84035E-3 1.03824E-3 6.31147E-4 4.43663E-4 2.79293E-4 1.85476E-4 1.06145E-4 6.1728E-5 4.14455E-5 2.45141E-5 1.58307E-5 1.03918E-5 7.74364E-6 6.02318E-6 4.8484E-6 4.00431E-6 3.22196E-6 2.23662E-6 1.46615E-6 9.76238E-7 7.05297E-7 4.97254E-7 3.47279E-7 2.29014E-7 1.57773E-7 1.03322E-7 7.12271E-8 5.35485E-8
-9999 -9999 -9999 -9999 -9999 -9999 -9999 -9999 -9999 -9999 -9999 -9999 -9999 -9999 -9999 -9999 -9999 -9999 -9999 -9999 -9999 -9999 -9999 -9999 -9999 -9999 -9999 -9999 -9999 -9999 -9999 -9999 -9999 -9999 -9999 -9999 -9999 -9999 -9999 -9999 3.77848E-1 2.05163E-1 9.86859E-2 4.30223E-2 2.10977E-2 1.1583E-2 5.56304E-3 3.12633E-3 1.92692E-3 1.25037E-3 7.41745E-4 5.42635E-4 3.25097E-4 2.49397E-4 1.34344E-4 8.07367E-5 4.47174E-5 2.61502E-5 1.59968E-5 1.01886E-5 7.79459E-6 5.69029E-6 4.55608E-6 3.66291E-6 2.82783E-6 2.07072E-6 1.38964E-6 9.58414E-7 6.90063E-7 4.52747E-7 3.04328E-7 2.21215E-7 1.45565E-7 1.0034E-7 6.74592E-8 5.25229E-8
-9999 -9999 -9999 -9999 -9999 -9999 -9999 -9999 -9999 -9999 -9999 -9999 -9999 -9999 -9999 -9999 -9999 -9999 -9999 -9999 -9999 -9999 -9999 -9999 -9999 -9999 -9999 -9999 -9999 -9999 -9999 -9999 -9999 -9999 -9999 -9999 -9999 -9999 -9999 -9999 4.15611E-1 2.3346E-1 1.24058E-1 6.3946E-2 2.92823E-2 1.53857E-2 7.57817E-3 4.07135E-3 2.41449E-3 1.6128E-3 9.58937E-4 6.00144E-4 4.16755E-4 2.89945E-4 1.52039E-4 8.76283E-5 5.2032E-5 2.7412E-5 1.57169E-5 1.03283E-5 7.23627E-6 5.62488E-6 4.5748E-6 3.34482E-6 2.66877E-6 1.81018E-6 1.2975E-6 8.92411E-7 6.16153E-7 4.21392E-7 2.90678E-7 2.03646E-7 1.43581E-7 9.4639E-8 6.53675E-8 5.13898E-8
-9999 -9999 -9999 -9999 -9999 -9999 -9999 -9999 -9999 -9999 -9999 -9999 -9999 -9999 -9999 -9999 -9999 -9999 -9999 -9999 -9999 -9999 -9999 -9999 -9999 -9999 -9999 -9999 -9999 -9999 -9999 -9999 -9999 -9999 -9999 -9999 -9999 -9999 -9999 -9999 5.36915E-1 3.71287E-1 2.02095E-1 9.76802E-2 4.7632E-2 2.57628E-2 1.30019E-2 6.01527E-3 3.00797E-3 1.81443E-3 1.13314E-3 7.025E-4 4.79857E-4 3.00298E-4 1.7639E-4 9.58455E-5 5.7142E-5 3.09585E-5 1.66385E-5 9.83541E-6 7.2259E-6 5.60047E-6 4.16982E-6 3.12194E-6 2.43496E-6 1.69634E-6 1.18926E-6 8.35911E-7 6.36312E-7 3.96017E-7 2.79797E-7 1.93045E-7 1.22784E-7 8.79675E-8 6.22367E-8 4.81555E-8
-9999 -9999 -9999 -9999 -9999 -9999 -9999 -9999 -9999 -9999 -9999 -9999 -9999 -9999 -9999 -9999 -9999 -9999 -9999 -9999 -9999 -9999 -9999 -9999 -9999 -9999 -9999 -9999 -9999 -9999 -9999 -9999 -9999 -9999 -9999 -9999 -9999 -9999 -9999 -9999 -9999 5.96882E-1 -9999 3.58146E-1 1.59626E-1 7.98667E-2 2.92583E-2 1.02718E-2 4.54699E-3 2.09062E-3 1.41102E-3 8.33719E-4 5.08328E-4 3.20113E-4 2.13624E-4 1.13412E-4 5.71127E-5 3.05317E-5 1.66497E-5 1.02033E-5 7.0218E-6 5.29309E-6 3.85003E-6 3.04383E-6 2.25214E-6 1.6455E-6 1.14367E-6 7.90678E-7 5.53913E-7 3.99755E-7 2.60308E-7 1.85388E-7 1.13603E-7 7.83457E-8 5.99279E-8 4.65482E-8
-9999 -9999 -9999 -9999 -9999 -9999 -9999 -9999 -9999 -9999 -9999 -9999 -9999 -9999 -9999 -9999 -9999 -9999 -9999 -9999 -9999 -9999 -9999 -9999 -9999 -9999 -9999 -9999 -9999 -9999 -9999 -9999 -9999 -9999 -9999 -9999 -9999 -9999 -9999 -9999 -9999 -9999 -9999 6.27948E-1 4.57356E-1 2.47071E-1 9.5638E-2 2.50753E-2 8.2224E-3 3.02202E-3 1.58071E-3 1.13668E-3 5.91308E-4 3.46458E-4 2.27716E-4 1.34616E-4 6.68671E-5 3.16331E-5 1.77079E-5 9.87226E-6 6.7838E-6 5.11309E-6 3.83207E-6 2.76653E-6 2.13106E-6 1.54756E-6 1.07451E-6 7.66072E-7 5.18332E-7 3.90753E-7 2.55127E-7 1.67372E-7 1.0981E-7 7.53196E-8 5.93986E-8 4.49705E-8
-9999 -9999 -9999 -9999 -9999 -9999 -9999 -9999 -9999 -9999 -9999 -9999 -9999 -9999 -9999 -9999 -9999 -9999 -9999 -9999 -9999 -9999 -9999 -9999 -9999 -9999 -9999 -9999 -9999 -9999 -9999 -9999 -9999 -9999 -9999 -9999 -9999 -9999 -9999 -9999 -9999 -9999 -9999 6.07308E-1 4.71678E-1 2.9516E-1 1.51845E-1 7.06165E-2 3.07204E-2 6.631E-3 2.73369E-3 1.22927E-3 6.86981E-4 3.53973E-4 2.48355E-4 1.43558E-4 7.33069E-5 3.60918E-5 1.78577E-5 1.0462E-5 7.35301E-6 5.26128E-6 3.96878E-6 2.91023E-6 2.22398E-6 1.49082E-6 1.05675E-6 7.34169E-7 5.19156E-7 3.62903E-7 2.34207E-7 1.54249E-7 1.00348E-7 7.55846E-8 5.83334E-8 4.17585E-8
-9999 -9999 -9999 -9999 -9999 -9999 -9999 -9999 -9999 -9999 -9999 -9999 -9999 -9999 -9999 -9999 -9999 -9999 -9999 -9999 -9999 -9999 -9999 -9999 -9999 -9999 -9999 -9999 -9999 -9999 -9999 -9999 -9999 -9999 -9999 -9999 -9999 -9999 -9999 -9999 -9999 -9999 -9999 5.91799E-1 5.39434E-1 3.43341E-1 2.30784E-1 1.09929E-1 5.575E-2 1.61498E-2 3.99814E-3 1.64187E-3 8.25612E-4 4.50266E-4 2.52715E-4 1.72708E-4 7.81346E-5 3.94812E-5 1.87773E-5 1.08387E-5 7.555E-6 5.36202E-6 4.00284E-6 2.93659E-6 2.19245E-6 1.54257E-6 1.03097E-6 7.26044E-7 4.9494E-7 3.42627E-7 2.27493E-7 1.53248E-7 9.54705E-8 7.21116E-8 5.40235E-8 3.8376E-8
