data/processed/Maxent_results1/MaxEnt_Output_betamultiplier_3_includesrepeatingpoints/religiosa_min.asc
ncols         804
nrows         479
xllcorner     -160.716666666667
yllcorner     18.575
cellsize      0.008333333333
NODATA_value  -9999
[rows 340 to 373 of 479, columns 532 to 607 of 804]
-9999 -9999 -9999 -9999 -9999 -9999 -9999 -9999 -9999 -9999 -9999 -9999 -9999 -9999 -9999 -9999 -9999 -9999 -9999 -9999 -9999 -9999 -9999 -9999 -9999 -9999 -9999 4.23595E-1 5.81561E-1 1.86328E-1 2.61016E-2 7.557E-3 8.76878E-4 5.71412E-4 2.95013E-4 1.75249E-4 9.55267E-5 7.39624E-5 4.94506E-5 4.11999E-5 3.68311E-5 5.02434E-5 5.2396E-5 4.2484E-5 3.99296E-5 3.04997E-5 3.99251E-5 4.00797E-5 4.92281E-5 1.96494E-5 1.35917E-5 1.7801E-5 1.00857E-5 4.40851E-6 1.36349E-6 1.59043E-6 1.088E-6 4.87299E-7 3.59941E-7 1.40111E-7 1.18054E-7 9.02601E-8 9.23179E-8 1.74566E-7 8.59958E-8 5.13052E-8 1.16916E-7 7.07339E-8 1.81958E-7 1.9314E-7 2.20081E-7 8.89128E-8 7.86408E-8 4.27271E-8 3.76072E-8 2.1109E-8
-9999 -9999 -9999 -9999 -9999 -9999 -9999 -9999 -9999 -9999 -9999 -9999 -9999 -9999 -9999 -9999 -9999 -9999 -9999 -9999 -9999 -9999 -9999 -9999 -9999 -9999 -9999 1.64549E-1 4.99809E-1 1.87071E-1 5.13547E-2 7.55672E-3 1.18575E-3 1.00637E-3 7.63484E-4 1.93017E-4 8.86609E-5 5.5074E-5 3.50417E-5 3.95574E-5 2.94883E-5 5.04087E-5 3.95092E-5 4.56709E-5 8.75943E-5 3.97499E-5 5.54147E-5 9.13458E-5 5.66462E-5 4.50729E-5 4.10519E-5 1.87198E-5 8.0291E-6 3.24152E-6 6.25469E-7 7.33658E-7 3.28409E-7 1.70816E-7 9.33704E-8 6.16884E-8 6.98255E-8 6.94909E-8 2.39662E-8 1.85871E-8 1.04599E-8 1.9295E-8 4.06288E-8 6.97039E-8 8.99497E-8 8.18388E-8 9.62374E-8 4.7001E-8 2.84879E-8 2.16521E-8 2.33108E-8 1.03988E-8
-9999 -9999 -9999 -9999 -9999 -9999 -9999 -9999 -9999 -9999 -9999 -9999 -9999 -9999 -9999 -9999 -9999 -9999 -9999 -9999 -9999 -9999 -9999 -9999 -9999 -9999 -9999 -9999 3.83901E-1 5.05035E-1 6.46207E-2 1.14247E-2 2.01861E-3 1.33695E-3 6.31528E-4 2.90865E-4 1.22516E-4 6.71565E-5 2.90706E-5 3.51239E-5 3.24197E-5 3.47568E-5 5.39722E-5 3.75441E-5 1.21258E-4 3.61713E-5 2.92702E-5 3.72937E-5 4.16549E-5 3.20145E-5 4.19804E-5 1.20605E-5 3.57536E-6 7.65475E-7 2.58652E-7 2.3573E-7 1.60049E-7 1.22719E-7 5.39145E-8 3.53068E-8 2.91311E-8 1.51885E-8 2.07448E-8 4.16791E-9 3.25445E-9 8.62934E-9 1.75951E-8 1.55005E-8 2.43271E-8 4.79592E-8 3.50961E-8 3.11722E-8 1.50122E-8 1.53263E-8 1.87131E-8 4.94684E-9
-9999 -9999 -9999 -9999 -9999 -9999 -9999 -9999 -9999 -9999 -9999 -9999 -9999 -9999 -9999 -9999 -9999 -9999 -9999 -9999 -9999 -9999 -9999 -9999 -9999 -9999 -9999 -9999 2.05984E-1 5.57364E-1 2.51354E-1 4.08472E-2 4.83101E-3 2.00511E-3 1.53025E-3 3.62614E-4 1.1646E-4 6.15773E-5 3.94048E-5 2.34624E-5 1.7147E-5 2.60418E-5 3.32357E-5 3.86552E-5 1.58575E-4 4.39846E-5 5.22901E-5 7.45236E-5 6.14293E-5 9.98431E-5 5.00052E-5 2.25894E-5 5.25327E-6 8.83168E-7 2.78279E-7 2.26539E-7 7.61016E-8 4.34067E-8 4.57789E-8 7.89023E-9 2.18502E-9 2.01662E-9 1.84624E-9 2.67412E-9 1.51553E-9 3.73662E-9 8.94027E-9 8.45659E-9 1.85918E-8 2.70979E-8 2.74396E-8 1.98646E-8 6.4679E-9 4.80043E-9 6.46457E-9 3.87963E-9
-9999 -9999 -9999 -9999 -9999 -9999 -9999 -9999 -9999 -9999 -9999 -9999 -9999 -9999 -9999 -9999 -9999 -9999 -9999 -9999 -9999 -9999 -9999 -9999 -9999 -9999 -9999 -9999 5.73118E-2 3.13535E-1 7.23511E-1 9.28002E-2 1.23944E-2 3.29543E-3 2.94411E-3 5.9418E-4 2.07003E-4 7.50376E-5 3.54182E-5 2.93667E-5 2.01734E-5 1.56698E-5 2.76761E-5 2.6541E-5 3.09317E-5 4.18261E-5 5.20259E-5 1.28273E-4 8.36796E-5 4.35225E-5 5.37359E-5 2.2045E-5 2.77449E-6 9.5114E-7 3.76786E-7 1.97896E-7 1.16599E-7 2.98071E-8 1.15015E-8 3.61483E-10 6.04351E-10 9.31684E-10 8.39411E-10 5.80605E-10 1.02423E-9 2.26099E-9 1.93119E-9 5.02402E-9 1.24735E-8 8.96044E-9 1.07607E-8 6.69406E-9 7.8315E-9 2.9662E-9 1.97575E-9 1.20966E-9
-9999 -9999 -9999 -9999 -9999 -9999 -9999 -9999 -9999 -9999 -9999 -9999 -9999 -9999 -9999 -9999 -9999 -9999 -9999 -9999 -9999 -9999 -9999 -9999 -9999 -9999 -9999 -9999 -9999 -9999 3.53207E-1 1.67773E-1 2.27389E-2 4.76008E-3 2.43598E-3 1.57861E-3 3.53093E-4 8.63164E-5 5.62845E-5 3.74032E-5 2.04225E-5 1.88026E-5 2.3039E-5 2.03766E-5 2.50417E-5 3.4109E-5 6.146E-5 4.36734E-5 5.54241E-5 5.40149E-5 4.71586E-5 5.87619E-5 1.09386E-5 1.40289E-6 2.81522E-7 2.08156E-7 7.67262E-8 6.0008E-8 2.38653E-9 3.81565E-10 3.10283E-10 6.85978E-10 5.00106E-10 8.36972E-10 4.79668E-10 1.78133E-9 2.01622E-9 4.1208E-9 5.27586E-9 1.01523E-8 1.50266E-8 1.34723E-8 8.07765E-9 4.93242E-9 2.88391E-9 1.94685E-9
-9999 -9999 -9999 -9999 -9999 -9999 -9999 -9999 -9999 -9999 -9999 -9999 -9999 -9999 -9999 -9999 -9999 -9999 -9999 -9999 -9999 -9999 -9999 -9999 -9999 -9999 -9999 -9999 -9999 -9999 1.03202E-1 4.16259E-1 3.86559E-2 5.15013E-3 2.38871E-3 7.07671E-4 3.06766E-4 1.59971E-4 1.18487E-4 4.64688E-5 3.10536E-5 2.70046E-5 2.20189E-5 3.25269E-5 2.38308E-5 2.74923E-5 9.7198E-5 4.27558E-5 5.07825E-5 4.32073E-5 1.18988E-4 4.48808E-5 3.32961E-6 1.30311E-6 4.71882E-7 1.6122E-7 1.2828E-7 3.10207E-8 2.10648E-9 2.10801E-10 2.15278E-10 4.74609E-10 5.89901E-10 1.63056E-10 2.21393E-10 6.64955E-10 2.77044E-9 3.71844E-9 5.67023E-9 1.25305E-8 1.50969E-8 1.24236E-8 1.05571E-8 7.93708E-9 2.12846E-9 1.41414E-9
-9999 -9999 -9999 -9999 -9999 -9999 -9999 -9999 -9999 -9999 -9999 -9999 -9999 -9999 -9999 -9999 -9999 -9999 -9999 -9999 -9999 -9999 -9999 -9999 -9999 -9999 -9999 -9999 -9999 -9999 -9999 8.43871E-2 1.20278E-1 1.57554E-2 2.66255E-3 1.75415E-3 6.39018E-4 3.17582E-4 2.01677E-4 7.39101E-5 3.62718E-5 3.1083E-5 3.09318E-5 2.66449E-5 2.65604E-5 2.09517E-5 3.13846E-5 1.2586E-4 4.91222E-5 9.31243E-5 3.13072E-5 1.95906E-5 5.98888E-6 9.85705E-7 4.72656E-7 2.77026E-7 8.93707E-8 2.04813E-8 1.28104E-9 1.67589E-10 2.99163E-10 3.6672E-10 4.05511E-10 2.94837E-10 3.27173E-10 8.69144E-10 4.62882E-9 1.02243E-8 7.03369E-9 1.43864E-8 1.77287E-8 1.16893E-8 1.14008E-8 8.6241E-9 5.12292E-9 2.42322E-9
-9999 -9999 -9999 -9999 -9999 -9999 -9999 -9999 -9999 -9999 -9999 -9999 -9999 -9999 -9999 -9999 -9999 -9999 -9999 -9999 -9999 -9999 -9999 -9999 -9999 -9999 -9999 -9999 -9999 -9999 1.46434E-1 2.44791E-1 8.9474E-2 2.93962E-2 6.33019E-3 2.14551E-3 1.44191E-3 4.01025E-4 2.10445E-4 1.23134E-4 7.65136E-5 4.18775E-5 3.39516E-5 2.28345E-5 1.94556E-5 2.64356E-5 2.88806E-5 4.03448E-5 1.03134E-4 1.12109E-4 1.46217E-5 5.42508E-6 4.43301E-6 1.89041E-6 8.97993E-7 1.45584E-7 1.1216E-7 3.36936E-8 7.27504E-10 9.78922E-11 1.09625E-10 1.69733E-10 2.66986E-10 3.41342E-10 2.93837E-10 6.22809E-10 2.3699E-9 4.5535E-9 1.72192E-8 2.83163E-8 3.5829E-8 2.07827E-8 1.48783E-8 1.06151E-8 6.88591E-9 3.72229E-9
-9999 -9999 -9999 -9999 -9999 -9999 -9999 -9999 -9999 -9999 -9999 -9999 -9999 -9999 -9999 -9999 -9999 -9999 -9999 -9999 -9999 -9999 -9999 -9999 -9999 -9999 -9999 -9999 -9999 -9999 1.69027E-1 2.46795E-1 1.6333E-1 4.48968E-2 1.03926E-2 4.6277E-3 2.15497E-3 1.00847E-3 3.81282E-4 1.55034E-4 1.09898E-4 5.92899E-5 4.13448E-5 3.12404E-5 2.01064E-5 2.11189E-5 2.52487E-5 4.30704E-5 4.14175E-5 4.65598E-5 4.03148E-5 8.0885E-6 4.47731E-6 2.53584E-6 1.29295E-6 2.44031E-7 4.86798E-8 1.13056E-8 4.77329E-10 6.01105E-11 9.71877E-11 8.432E-11 2.11824E-10 3.57231E-10 3.74692E-10 6.25353E-10 2.1406E-9 1.13417E-8 2.84037E-8 3.18728E-8 5.41387E-8 4.18421E-8 2.23786E-8 1.58046E-8 9.98008E-9 4.88214E-9
-9999 -9999 -9999 -9999 -9999 -9999 -9999 -9999 -9999 -9999 -9999 -9999 -9999 -9999 -9999 -9999 -9999 -9999 -9999 -9999 -9999 -9999 -9999 -9999 -9999 -9999 -9999 -9999 -9999 -9999 -9999 -9999 1.09237E-2 4.40478E-2 2.58831E-2 8.5129E-3 4.79943E-3 1.98605E-3 2.31948E-3 2.20503E-4 1.55683E-4 1.03862E-4 5.52356E-5 5.31413E-5 4.55749E-5 4.46042E-5 3.55255E-5 5.8538E-5 4.67121E-5 2.59408E-5 1.6129E-5 5.77528E-6 6.24757E-6 3.89518E-6 8.11268E-7 2.43873E-7 9.51753E-8 1.70105E-8 4.79492E-10 7.30056E-11 1.33054E-10 8.88517E-11 2.41892E-10 2.23081E-10 4.4371E-10 8.01297E-10 2.77143E-9 4.48418E-9 2.77513E-8 5.36955E-8 4.89447E-8 3.42401E-8 2.73285E-8 1.41769E-8 1.09431E-8 4.5353E-9
-9999 -9999 -9999 -9999 -9999 -9999 -9999 -9999 -9999 -9999 -9999 -9999 -9999 -9999 -9999 -9999 -9999 -9999 -9999 -9999 -9999 -9999 -9999 -9999 -9999 -9999 -9999 -9999 -9999 -9999 -9999 -9999 -9999 -9999 -9999 4.92013E-2 1.01685E-2 7.12679E-3 3.03037E-3 1.34378E-3 2.70668E-4 1.05193E-4 8.32885E-5 6.66586E-5 4.58853E-5 5.48008E-5 5.15569E-5 1.32408E-4 1.03119E-4 3.64614E-5 1.26075E-5 1.19813E-5 7.02872E-6 3.33298E-6 1.25411E-6 5.96005E-7 2.13283E-7 2.44106E-8 1.35513E-9 1.46476E-10 1.55137E-10 2.51531E-10 4.4219E-10 1.27773E-9 1.29772E-9 2.44493E-9 5.27929E-9 1.98883E-8 2.27382E-8 2.32265E-8 2.38366E-8 1.53412E-8 1.44584E-8 7.30871E-9 5.27928E-9 3.11461E-9
-9999 -9999 -9999 -9999 -9999 -9999 -9999 -9999 -9999 -9999 -9999 -9999 -9999 -9999 -9999 -9999 -9999 -9999 -9999 -9999 -9999 -9999 -9999 -9999 -9999 -9999 -9999 -9999 -9999 -9999 -9999 -9999 -9999 -9999 -9999 1.41399E-1 3.24113E-2 2.51884E-2 7.92336E-3 1.70784E-3 6.96714E-4 3.09509E-4 1.59919E-4 1.12497E-4 7.33869E-5 8.73267E-5 9.44851E-5 1.29728E-4 1.40238E-4 4.53775E-5 1.83315E-5 1.50668E-5 7.25592E-6 4.51889E-6 2.42288E-6 3.3616E-7 1.09478E-7 2.41431E-8 1.30339E-9 1.63511E-10 3.40076E-10 6.61248E-10 1.24611E-9 2.54862E-9 4.22706E-9 5.68601E-9 7.90847E-9 1.34137E-8 2.27998E-8 2.89912E-8 2.78505E-8 1.35146E-8 1.03745E-8 5.81656E-9 6.16218E-9 3.47804E-9
-9999 -9999 -9999 -9999 -9999 -9999 -9999 -9999 -9999 -9999 -9999 -9999 -9999 -9999 -9999 -9999 -9999 -9999 -9999 -9999 -9999 -9999 -9999 -9999 -9999 -9999 -9999 -9999 -9999 -9999 -9999 -9999 -9999 -9999 -9999 -9999 3.96968E-2 2.97635E-2 1.38955E-2 3.49522E-3 1.09566E-3 5.39043E-4 2.09379E-4 1.56278E-4 1.11628E-4 1.3688E-4 1.5049E-4 2.04886E-4 1.11352E-4 8.5517E-5 4.76368E-5 1.95021E-5 1.28942E-5 9.37838E-6 1.99669E-6 1.23049E-6 1.23329E-7 5.72201E-8 3.0263E-9 3.11565E-10 4.94066E-10 2.04283E-9 3.02692E-9 6.02157E-9 1.42183E-8 1.25871E-8 1.16369E-8 2.41862E-8 2.10945E-8 1.40554E-8 2.78759E-8 2.05368E-8 1.1733E-8 7.67538E-9 5.30123E-9 4.40699E-9
-9999 -9999 -9999 -9999 -9999 -9999 -9999 -9999 -9999 -9999 -9999 -9999 -9999 -9999 -9999 -9999 -9999 -9999 -9999 -9999 -9999 -9999 -9999 -9999 -9999 -9999 -9999 -9999 -9999 -9999 -9999 -9999 -9999 -9999 -9999 -9999 2.67043E-1 9.58514E-2 4.37773E-2 1.19363E-2 2.2133E-3 1.20893E-3 2.65653E-4 2.28468E-4 3.79063E-4 3.81432E-4 3.13012E-4 2.0946E-4 1.6914E-4 5.91099E-5 4.94062E-5 2.71566E-5 2.72725E-5 1.85848E-5 3.35968E-6 1.14826E-6 1.20547E-7 4.88589E-8 5.86608E-9 1.10115E-9 1.54014E-9 8.66083E-9 7.97637E-9 2.23698E-8 5.35308E-8 3.61124E-8 2.85044E-8 2.46727E-8 1.39975E-8 9.91325E-9 9.31136E-9 1.12693E-8 1.56515E-8 7.12074E-9 5.22341E-9 5.02103E-9
-9999 -9999 -9999 -9999 -9999 -9999 -9999 -9999 -9999 -9999 -9999 -9999 -9999 -9999 -9999 -9999 -9999 -9999 -9999 -9999 -9999 -9999 -9999 -9999 -9999 -9999 -9999 -9999 -9999 -9999 -9999 -9999 -9999 -9999 -9999 -9999 -9999 1.35819E-1 7.1619E-2 2.35516E-2 4.72787E-3 1.35152E-3 8.90036E-4 2.55037E-4 3.36147E-4 2.84773E-4 2.03696E-4 2.41303E-4 1.52536E-4 6.94107E-5 7.74283E-5 1.0395E-4 6.98164E-5 3.36071E-5 8.45044E-6 1.42388E-6 7.3707E-7 3.41016E-8 1.41303E-8 3.2576E-9 7.46763E-9 1.39739E-8 3.92732E-8 4.03459E-8 8.57987E-8 6.96185E-8 4.55932E-8 2.54037E-8 1.46975E-8 8.90333E-9 8.18006E-9 1.4866E-8 1.13109E-8 6.6226E-9 4.54068E-9 3.60592E-9
-9999 -9999 -9999 -9999 -9999 -9999 -9999 -9999 -9999 -9999 -9999 -9999 -9999 -9999 -9999 -9999 -9999 -9999 -9999 -9999 -9999 -9999 -9999 -9999 -9999 -9999 -9999 -9999 -9999 -9999 -9999 -9999 -9999 -9999 -9999 -9999 -9999 1.37227E-1 7.20166E-2 2.91511E-2 9.32073E-3 1.57368E-3 7.95612E-4 2.49366E-4 4.43224E-4 4.8369E-4 2.62453E-4 2.3167E-4 1.19248E-4 1.11722E-4 1.25112E-4 1.53499E-4 7.79597E-5 2.34319E-5 9.70661E-6 1.15168E-6 5.96394E-7 2.23303E-8 3.10182E-8 5.09372E-9 1.16821E-8 1.97215E-8 3.59157E-8 6.38227E-8 1.01742E-7 8.13775E-8 4.43102E-8 2.81791E-8 1.51713E-8 1.23773E-8 1.20115E-8 1.23273E-8 9.05195E-9 7.02621E-9 4.15793E-9 2.05723E-9
-9999 -9999 -9999 -9999 -9999 -9999 -9999 -9999 -9999 -9999 -9999 -9999 -9999 -9999 -9999 -9999 -9999 -9999 -9999 -9999 -9999 -9999 -9999 -9999 -9999 -9999 -9999 -9999 -9999 -9999 -9999 -9999 -9999 -9999 -9999 -9999 -9999 1.5154E-1 1.00463E-1 3.99292E-2 1.28178E-2 2.98379E-3 8.75065E-4 5.8643E-4 4.39377E-4 3.29056E-4 2.00872E-4 1.58464E-4 1.65218E-4 8.33877E-5 1.79664E-4 5.93484E-5 4.26702E-5 2.83426E-5 7.58164E-6 3.95002E-6 5.98548E-7 7.07222E-8 3.19582E-8 1.02409E-8 1.97462E-8 3.30572E-8 4.74603E-8 8.40901E-8 1.53867E-7 7.46975E-8 3.96192E-8 3.22502E-8 2.12377E-8 1.33686E-8 8.13354E-9 1.55105E-8 8.98367E-9 6.89584E-9 5.35964E-9 2.28191E-9
-9999 -9999 -9999 -9999 -9999 -9999 -9999 -9999 -9999 -9999 -9999 -9999 -9999 -9999 -9999 -9999 -9999 -9999 -9999 -9999 -9999 -9999 -9999 -9999 -9999 -9999 -9999 -9999 -9999 -9999 -9999 -9999 -9999 -9999 -9999 -9999 -9999 -9999 1.55299E-1 3.91692E-2 1.12234E-2 4.52575E-3 1.18387E-3 9.88062E-4 6.12384E-4 3.63218E-4 1.66664E-4 1.41138E-4 1.34049E-4 9.94195E-5 2.39941E-4 1.15925E-4 1.07914E-4 4.85709E-5 8.67664E-6 2.91385E-6 9.36268E-7 1.66901E-7 8.73926E-8 1.70874E-8 2.85428E-8 5.36408E-8 6.50254E-8 9.92927E-8 1.71534E-7 9.6909E-8 6.69382E-8 5.17932E-8 2.19876E-8 1.62579E-8 9.92322E-9 5.44619E-9 9.92623E-9 6.40559E-9 2.79163E-9 1.93399E-9
-9999 -9999 -9999 -9999 -9999 -9999 -9999 -9999 -9999 -9999 -9999 -9999 -9999 -9999 -9999 -9999 -9999 -9999 -9999 -9999 -9999 -9999 -9999 -9999 -9999 -9999 -9999 -9999 -9999 -9999 -9999 -9999 -9999 -9999 -9999 -9999 -9999 -9999 1.25692E-1 5.19823E-2 2.36141E-2 1.1624E-2 2.58187E-3 1.303E-3 1.14717E-3 2.40438E-4 3.4363E-4 4.42729E-4 1.29379E-4 2.26636E-4 1.82085E-4 1.36456E-4 1.15588E-4 7.04729E-5 1.03231E-5 5.34328E-6 1.15055E-6 3.34502E-7 8.5447E-8 4.03625E-8 7.01103E-8 7.91307E-8 1.16628E-7 1.26617E-7 1.82199E-7 1.41421E-7 9.4199E-8 6.27145E-8 4.92374E-8 2.86455E-8 1.7231E-8 4.38261E-9 7.81295E-9 6.44993E-9 2.69714E-9 9.75122E-10
-9999 -9999 -9999 -9999 -9999 -9999 -9999 -9999 -9999 -9999 -9999 -9999 -9999 -9999 -9999 -9999 -9999 -9999 -9999 -9999 -9999 -9999 -9999 -9999 -9999 -9999 -9999 -9999 -9999 -9999 -9999 -9999 -9999 -9999 -9999 -9999 -9999 -9999 1.232E-1 7.57582E-2 2.29606E-2 7.04777E-3 3.23616E-3 1.20329E-3 7.64423E-4 8.2903E-4 4.56193E-4 3.19317E-4 1.23086E-4 1.39628E-4 2.75442E-4 1.34663E-4 1.17283E-4 8.03761E-5 1.67356E-5 6.97235E-6 1.73234E-6 6.29154E-7 4.27419E-7 6.1359E-8 8.99715E-8 1.14195E-7 1.26521E-7 2.13706E-7 2.61011E-7 1.95866E-7 9.12911E-8 5.92814E-8 4.31214E-8 2.47367E-8 1.05237E-8 5.43461E-9 5.52207E-9 4.82465E-9 1.72517E-9 1.03486E-9
-9999 -9999 -9999 -9999 -9999 -9999 -9999 -9999 -9999 -9999 -9999 -9999 -9999 -9999 -9999 -9999 -9999 -9999 -9999 -9999 -9999 -9999 -9999 -9999 -9999 -9999 -9999 -9999 -9999 -9999 -9999 -9999 -9999 -9999 -9999 -9999 -9999 -9999 1.32697E-1 1.48481E-1 2.73004E-2 1.12402E-2 3.56983E-3 1.95954E-3 7.7046E-4 1.51721E-3 8.01318E-4 3.48712E-4 1.59306E-4 1.36894E-4 3.64275E-4 1.54856E-4 8.80131E-5 8.39067E-5 1.42274E-5 4.38041E-6 1.9458E-6 8.10034E-7 4.90728E-7 9.66666E-8 9.42435E-8 1.16335E-7 1.67988E-7 2.12918E-7 3.39928E-7 2.56237E-7 1.2053E-7 4.75026E-8 5.32143E-8 4.58094E-8 9.89514E-9 5.31545E-9 3.22038E-9 3.39511E-9 2.27926E-9 6.87466E-10
-9999 -9999 -9999 -9999 -9999 -9999 -9999 -9999 -9999 -9999 -9999 -9999 -9999 -9999 -9999 -9999 -9999 -9999 -9999 -9999 -9999 -9999 -9999 -9999 -9999 -9999 -9999 -9999 -9999 -9999 -9999 -9999 -9999 -9999 -9999 -9999 -9999 -9999 -9999 4.04075E-2 4.67727E-2 1.36045E-2 5.24044E-3 5.30629E-3 1.36617E-3 5.95058E-4 5.24469E-4 3.68061E-4 2.73297E-4 1.92879E-4 3.7408E-4 2.06399E-4 9.5706E-5 5.42439E-5 1.89901E-5 6.59018E-6 2.16422E-6 1.21598E-6 5.38012E-7 1.21785E-7 1.36004E-7 2.05563E-7 1.71989E-7 2.95632E-7 3.33671E-7 2.66244E-7 1.20098E-7 5.19202E-8 4.00186E-8 3.81741E-8 1.00279E-8 6.66477E-9 5.12377E-9 2.77192E-9 1.97591E-9 1.16579E-9
-9999 -9999 -9999 -9999 -9999 -9999 -9999 -9999 -9999 -9999 -9999 -9999 -9999 -9999 -9999 -9999 -9999 -9999 -9999 -9999 -9999 -9999 -9999 -9999 -9999 -9999 -9999 -9999 -9999 -9999 -9999 -9999 -9999 -9999 -9999 -9999 -9999 -9999 -9999 9.50954E-2 4.32733E-2 1.74914E-2 7.91467E-3 4.14425E-3 1.6256E-3 1.16562E-3 7.37536E-4 4.79701E-4 3.38623E-4 4.65508E-4 3.6198E-4 1.72803E-4 1.48889E-4 9.13568E-5 3.8136E-5 1.04532E-5 2.51949E-6 1.55801E-6 3.82101E-7 1.56896E-7 1.45466E-7 1.93861E-7 1.80469E-7 2.70938E-7 2.75672E-7 1.63376E-7 1.2642E-7 7.10985E-8 4.48171E-8 2.0327E-8 9.6438E-9 8.0045E-9 4.84126E-9 4.37309E-9 2.36361E-9 8.51296E-10
-9999 -9999 -9999 -9999 -9999 -9999 -9999 -9999 -9999 -9999 -9999 -9999 -9999 -9999 -9999 -9999 -9999 -9999 -9999 -9999 -9999 -9999 -9999 -9999 -9999 -9999 -9999 -9999 -9999 -9999 -9999 -9999 -9999 -9999 -9999 -9999 -9999 -9999 -9999 5.4921E-2 6.75645E-2 2.95109E-2 1.15512E-2 2.98646E-3 2.16635E-3 8.17989E-4 9.77018E-4 4.39908E-4 3.78432E-4 1.91411E-4 1.59785E-4 1.57476E-4 1.15698E-4 1.01766E-4 4.54376E-5 2.05562E-5 4.80747E-6 2.23456E-6 1.8543E-6 2.97792E-7 2.38972E-7 1.85763E-7 2.25126E-7 2.06801E-7 2.32472E-7 1.53233E-7 7.66918E-8 5.89883E-8 3.67382E-8 1.45905E-8 7.31864E-9 4.0426E-9 6.51818E-9 3.56321E-9 1.56976E-9 7.97169E-10
-9999 -9999 -9999 -9999 -9999 -9999 -9999 -9999 -9999 -9999 -9999 -9999 -9999 -9999 -9999 -9999 -9999 -9999 -9999 -9999 -9999 -9999 -9999 -9999 -9999 -9999 -9999 -9999 -9999 -9999 -9999 -9999 -9999 -9999 -9999 -9999 -9999 -9999 -9999 1.55155E-1 8.6254E-2 2.55385E-2 1.36348E-2 3.32328E-3 4.20081E-3 1.03444E-3 9.60354E-4 6.65656E-4 5.17519E-4 2.49243E-4 2.09679E-4 1.24377E-4 1.28838E-4 1.01606E-4 5.25572E-5 8.40676E-6 3.86732E-6 2.61047E-6 1.21091E-6 1.12126E-6 3.07764E-7 2.85643E-7 2.49679E-7 2.15056E-7 2.53722E-7 1.2829E-7 9.89826E-8 4.30751E-8 2.14159E-8 1.44889E-8 6.2942E-9 1.28849E-8 5.44143E-9 2.15381E-9 8.15192E-10 4.85486E-10
-9999 -9999 -9999 -9999 -9999 -9999 -9999 -9999 -9999 -9999 -9999 -9999 -9999 -9999 -9999 -9999 -9999 -9999 -9999 -9999 -9999 -9999 -9999 -9999 -9999 -9999 -9999 -9999 -9999 -9999 -9999 -9999 -9999 -9999 -9999 -9999 -9999 -9999 -9999 1.21925E-1 1.43573E-1 3.91536E-2 1.74968E-2 6.68437E-3 2.99237E-3 1.25361E-3 6.97885E-4 4.4685E-4 3.2628E-4 3.22502E-4 2.24062E-4 9.45349E-5 6.71603E-5 9.17098E-5 7.10786E-5 2.19582E-5 6.5492E-6 2.48351E-6 1.55718E-6 1.36229E-6 1.01751E-6 3.35184E-7 2.63368E-7 2.05462E-7 1.88916E-7 1.51094E-7 6.8402E-8 3.73242E-8 1.9325E-8 1.49625E-8 6.83266E-9 4.13462E-9 5.42772E-9 1.81053E-9 8.41897E-10 4.27001E-10
-9999 -9999 -9999 -9999 -9999 -9999 -9999 -9999 -9999 -9999 -9999 -9999 -9999 -9999 -9999 -9999 -9999 -9999 -9999 -9999 -9999 -9999 -9999 -9999 -9999 -9999 -9999 -9999 -9999 -9999 -9999 -9999 -9999 -9999 -9999 -9999 -9999 -9999 -9999 -9999 7.20708E-2 4.60707E-2 2.0451E-2 8.75451E-3 2.51665E-3 1.4786E-3 6.05946E-4 6.12295E-4 5.57555E-4 2.26563E-4 2.88788E-4 2.10481E-4 1.00708E-4 6.75222E-5 9.50423E-5 3.56231E-5 9.22396E-6 4.62585E-6 1.47808E-6 4.48058E-7 1.30986E-6 6.39645E-7 2.94394E-7 2.14257E-7 1.7886E-7 1.06893E-7 6.59594E-8 4.57857E-8 2.4011E-8 1.62054E-8 8.11396E-9 1.08353E-8 6.0207E-9 2.61178E-9 1.09769E-9 8.09999E-10
-9999 -9999 -9999 -9999 -9999 -9999 -9999 -9999 -9999 -9999 -9999 -9999 -9999 -9999 -9999 -9999 -9999 -9999 -9999 -9999 -9999 -9999 -9999 -9999 -9999 -9999 -9999 -9999 -9999 -9999 -9999 -9999 -9999 -9999 -9999 -9999 -9999 -9999 -9999 -9999 7.75065E-2 3.34558E-2 3.22947E-2 1.16861E-2 4.62402E-3 2.5434E-3 8.40254E-4 4.80179E-4 4.61135E-4 4.26095E-4 3.67663E-4 2.09126E-4 2.12071E-4 2.65223E-4 1.01201E-4 2.30073E-5 1.10664E-5 3.58023E-6 1.84513E-6 8.76296E-7 1.20245E-6 6.70206E-7 2.9767E-7 2.17109E-7 2.03275E-7 8.82851E-8 4.92102E-8 3.39337E-8 2.03682E-8 1.2992E-8 5.74681E-9 1.0235E-8 5.14475E-9 3.28542E-9 1.46695E-9 1.00102E-9
-9999 -9999 -9999 -9999 -9999 -9999 -9999 -9999 -9999 -9999 -9999 -9999 -9999 -9999 -9999 -9999 -9999 -9999 -9999 -9999 -9999 -9999 -9999 -9999 -9999 -9999 -9999 -9999 -9999 -9999 -9999 -9999 -9999 -9999 -9999 -9999 -9999 -9999 -9999 -9999 1.63154E-1 4.40814E-2 5.02762E-2 1.92273E-2 5.56076E-3 2.81991E-3 1.91261E-3 6.28744E-4 1.06469E-3 4.64647E-4 5.64796E-4 3.64356E-4 2.34924E-4 1.75401E-4 3.3922E-4 8.5766E-5 1.56604E-5 6.10394E-6 1.43632E-6 7.29102E-7 4.96621E-7 8.56731E-7 3.268E-7 1.61421E-7 1.20582E-7 8.13802E-8 4.53612E-8 3.03524E-8 2.81469E-8 1.70784E-8 6.78615E-9 1.02495E-8 4.38036E-9 2.78321E-9 1.16873E-9 1.13283E-9
-9999 -9999 -9999 -9999 -9999 -9999 -9999 -9999 -9999 -9999 -9999 -9999 -9999 -9999 -9999 -9999 -9999 -9999 -9999 -9999 -9999 -9999 -9999 -9999 -9999 -9999 -9999 -9999 -9999 -9999 -9999 -9999 -9999 -9999 -9999 -9999 -9999 -9999 -9999 -9999 -9999 1.32252E-2 -9999 8.30084E-2 3.13857E-2 9.13997E-3 2.9788E-3 1.6814E-3 9.00634E-4 5.45071E-4 4.984E-4 6.99145E-4 1.63951E-4 1.29802E-4 1.74949E-4 6.50916E-5 4.02853E-5 5.7317E-6 2.09747E-6 8.28632E-7 6.11957E-7 8.91064E-7 2.44892E-7 1.87564E-7 1.02354E-7 6.75872E-8 4.49726E-8 2.83878E-8 2.12275E-8 1.14755E-8 7.01966E-9 1.56779E-8 4.3416E-9 1.49281E-9 1.20011E-9 1.01553E-9
-9999 -9999 -9999 -9999 -9999 -9999 -9999 -9999 -9999 -9999 -9999 -9999 -9999 -9999 -9999 -9999 -9999 -9999 -9999 -9999 -9999 -9999 -9999 -9999 -9999 -9999 -9999 -9999 -9999 -9999 -9999 -9999 -9999 -9999 -9999 -9999 -9999 -9999 -9999 -9999 -9999 -9999 -9999 3.78773E-2 1.28087E-1 6.1599E-2 1.29016E-2 2.24816E-3 9.5451E-4 4.05564E-4 3.61942E-4 5.16758E-4 4.04211E-4 2.04994E-4 1.34676E-4 5.3891E-5 1.869E-5 8.28171E-6 1.90476E-6 1.16046E-6 1.68581E-6 9.41446E-7 2.88139E-7 1.41716E-7 9.35155E-8 5.96142E-8 4.03995E-8 3.00863E-8 1.92716E-8 1.31327E-8 7.79482E-9 1.39197E-8 4.10288E-9 2.20335E-9 1.52021E-9 1.07514E-9
-9999 -9999 -9999 -9999 -9999 -9999 -9999 -9999 -9999 -9999 -9999 -9999 -9999 -9999 -9999 -9999 -9999 -9999 -9999 -9999 -9999 -9999 -9999 -9999 -9999 -9999 -9999 -9999 -9999 -9999 -9999 -9999 -9999 -9999 -9999 -9999 -9999 -9999 -9999 -9999 -9999 -9999 -9999 7.80258E-2 1.1145E-1 8.1311E-2 2.99875E-2 8.64337E-3 1.87647E-3 7.82126E-4 4.47841E-4 2.79315E-4 3.23551E-4 3.46776E-4 2.2965E-4 1.09631E-4 2.72087E-5 1.03915E-5 2.51181E-6 3.25729E-6 1.80969E-6 4.20006E-7 3.44034E-7 1.84955E-7 1.16187E-7 7.85501E-8 5.08912E-8 3.43644E-8 2.22553E-8 1.4931E-8 6.87231E-9 8.26407E-9 3.28284E-9 1.75622E-9 1.59991E-9 8.70977E-10
-9999 -9999 -9999 -9999 -9999 -9999 -9999 -9999 -9999 -9999 -9999 -9999 -9999 -9999 -9999 -9999 -9999 -9999 -9999 -9999 -9999 -9999 -9999 -9999 -9999 -9999 -9999 -9999 -9999 -9999 -9999 -9999 -9999 -9999 -9999 -9999 -9999 -9999 -9999 -9999 -9999 -9999 -9999 2.1898E-2 1.30671E-1 8.25349E-2 6.38982E-2 1.48135E-2 5.5966E-3 1.16585E-3 4.8451E-4 3.66202E-4 1.79926E-4 2.77166E-4 2.22551E-4 1.56453E-4 3.2118E-5 1.06782E-5 4.02121E-6 2.30285E-6 2.49988E-6 1.37683E-6 4.58306E-7 2.4901E-7 1.54172E-7 8.94983E-8 4.65122E-8 3.86873E-8 2.49938E-8 1.41709E-8 7.76299E-9 1.27663E-8 3.07478E-9 1.47502E-9 1.273E-9 7.32759E-10
