data/processed/Maxent_results1/MaxEnt_Output_betamultiplier_3_includesrepeatingpoints/religiosa_avg.asc
ncols         804
nrows         479
xllcorner     -160.716666666667
yllcorner     18.575
cellsize      0.008333333333
NODATA_value  -9999
[rows 340 to 373 of 479, columns 532 to 607 of 804]
-9999 -9999 -9999 -9999 -9999 -9999 -9999 -9999 -9999 -9999 -9999 -9999 -9999 -9999 -9999 -9999 -9999 -9999 -9999 -9999 -9999 -9999 -9999 -9999 -9999 -9999 -9999 4.50985E-1 6.27817E-1 2.0623E-1 3.09483E-2 1.59298E-2 1.36719E-3 8.1915E-4 5.30673E-4 2.67619E-4 1.10162E-4 9.45512E-5 6.19334E-5 1.08172E-4 7.55782E-5 1.00993E-4 9.66005E-5 8.24042E-5 7.564E-5 3.79737E-5 4.85822E-5 5.05211E-5 1.04878E-4 3.81385E-5 1.67638E-5 2.05558E-5 1.08585E-5 4.61361E-6 1.70374E-6 1.93354E-6 1.44543E-6 6.70492E-7 5.00117E-7 1.86885E-7 1.68681E-7 1.27586E-7 1.31302E-7 2.49209E-7 1.31596E-7 8.04905E-8 1.71752E-7 9.64696E-8 2.46959E-7 2.6274E-7 2.95111E-7 1.22408E-7 1.09004E-7 6.18957E-8 5.57757E-8 3.19162E-8
-9999 -9999 -9999 -9999 -9999 -9999 -9999 -9999 -9999 -9999 -9999 -9999 -9999 -9999 -9999 -9999 -9999 -9999 -9999 -9999 -9999 -9999 -9999 -9999 -9999 -9999 -9999 1.86105E-1 5.3337E-1 2.18393E-1 7.49697E-2 1.07628E-2 1.79561E-3 1.42138E-3 9.79804E-4 2.7653E-4 1.12917E-4 7.91248E-5 4.67455E-5 9.65601E-5 7.01822E-5 1.27604E-4 8.68827E-5 6.24478E-5 1.04225E-4 5.48471E-5 6.94003E-5 1.14331E-4 8.70548E-5 6.29591E-5 4.71102E-5 2.26643E-5 8.9176E-6 3.83369E-6 9.94245E-7 9.11099E-7 4.95827E-7 2.27914E-7 1.42599E-7 9.52861E-8 9.94218E-8 1.00766E-7 3.65855E-8 3.39123E-8 1.99256E-8 3.51074E-8 5.90371E-8 1.03164E-7 1.25887E-7 1.13948E-7 1.38667E-7 6.73948E-8 4.12345E-8 3.18536E-8 3.52416E-8 1.62546E-8
-9999 -9999 -9999 -9999 -9999 -9999 -9999 -9999 -9999 -9999 -9999 -9999 -9999 -9999 -9999 -9999 -9999 -9999 -9999 -9999 -9999 -9999 -9999 -9999 -9999 -9999 -9999 -9999 4.12612E-1 5.35242E-1 7.66167E-2 1.50978E-2 3.03319E-3 1.96439E-3 8.97079E-4 4.28841E-4 1.90756E-4 1.0553E-4 3.54297E-5 8.45063E-5 8.75403E-5 7.68958E-5 1.19457E-4 6.33429E-5 1.5101E-4 6.01206E-5 3.97071E-5 5.09647E-5 5.70225E-5 4.34952E-5 5.66536E-5 1.52169E-5 4.00399E-6 9.69623E-7 4.33698E-7 3.08225E-7 2.46917E-7 1.68631E-7 9.56114E-8 5.45193E-8 4.54622E-8 2.30729E-8 3.14816E-8 7.79799E-9 6.71926E-9 1.56839E-8 2.86364E-8 2.62868E-8 3.60991E-8 6.92521E-8 5.17779E-8 4.64086E-8 2.29424E-8 2.34322E-8 2.89294E-8 8.06351E-9
-9999 -9999 -9999 -9999 -9999 -9999 -9999 -9999 -9999 -9999 -9999 -9999 -9999 -9999 -9999 -9999 -9999 -9999 -9999 -9999 -9999 -9999 -9999 -9999 -9999 -9999 -9999 -9999 2.43464E-1 5.73791E-1 2.71034E-1 4.83625E-2 8.28272E-3 2.86631E-3 2.00383E-3 5.699E-4 1.62384E-4 7.94115E-5 7.08461E-5 6.01148E-5 4.16009E-5 5.98837E-5 7.14615E-5 1.15342E-4 2.02327E-4 6.22237E-5 7.43887E-5 1.19642E-4 1.0249E-4 1.54361E-4 8.11443E-5 2.86484E-5 6.38497E-6 1.08362E-6 3.62476E-7 3.33482E-7 1.08984E-7 6.6895E-8 7.03208E-8 1.23772E-8 3.6896E-9 3.43827E-9 3.19123E-9 4.52853E-9 3.04527E-9 6.74568E-9 1.61379E-8 1.40599E-8 2.83769E-8 3.99987E-8 4.15153E-8 3.18833E-8 1.04025E-8 7.98217E-9 1.05724E-8 6.4872E-9
-9999 -9999 -9999 -9999 -9999 -9999 -9999 -9999 -9999 -9999 -9999 -9999 -9999 -9999 -9999 -9999 -9999 -9999 -9999 -9999 -9999 -9999 -9999 -9999 -9999 -9999 -9999 -9999 6.87963E-2 3.2996E-1 7.46563E-1 1.02591E-1 1.50974E-2 5.78236E-3 3.7108E-3 9.24772E-4 3.74366E-4 1.19391E-4 4.62154E-5 7.62709E-5 4.78123E-5 3.47562E-5 4.94925E-5 4.78734E-5 6.2024E-5 6.42824E-5 7.34221E-5 1.93145E-4 1.3669E-4 7.60156E-5 8.44928E-5 3.49703E-5 4.09313E-6 1.24951E-6 5.26832E-7 3.03766E-7 1.71658E-7 4.51155E-8 1.78574E-8 6.48548E-10 1.06469E-9 1.67867E-9 1.56286E-9 1.17735E-9 1.9517E-9 4.20896E-9 3.26746E-9 8.35503E-9 1.97074E-8 1.39898E-8 1.69935E-8 1.09458E-8 1.30565E-8 4.98174E-9 3.33696E-9 2.10142E-9
-9999 -9999 -9999 -9999 -9999 -9999 -9999 -9999 -9999 -9999 -9999 -9999 -9999 -9999 -9999 -9999 -9999 -9999 -9999 -9999 -9999 -9999 -9999 -9999 -9999 -9999 -9999 -9999 -9999 -9999 3.74892E-1 1.76184E-1 2.74737E-2 8.35023E-3 3.30168E-3 2.15116E-3 4.48689E-4 1.46602E-4 7.28959E-5 8.71456E-5 4.56268E-5 4.297E-5 3.96936E-5 3.45242E-5 4.79301E-5 6.44769E-5 8.64652E-5 5.87127E-5 9.92363E-5 1.04076E-4 8.76596E-5 8.55521E-5 1.5251E-5 2.104E-6 4.45092E-7 3.13593E-7 1.12525E-7 8.16633E-8 3.93327E-9 7.04469E-10 5.71165E-10 1.25353E-9 9.46386E-10 1.54657E-9 1.11156E-9 3.40963E-9 3.41724E-9 6.74802E-9 8.46132E-9 1.58858E-8 2.31288E-8 2.11201E-8 1.32773E-8 8.2127E-9 4.83306E-9 3.29157E-9
-9999 -9999 -9999 -9999 -9999 -9999 -9999 -9999 -9999 -9999 -9999 -9999 -9999 -9999 -9999 -9999 -9999 -9999 -9999 -9999 -9999 -9999 -9999 -9999 -9999 -9999 -9999 -9999 -9999 -9999 1.16096E-1 4.49761E-1 4.67003E-2 7.75458E-3 3.34095E-3 1.29436E-3 5.47354E-4 1.9575E-4 1.37666E-4 6.77735E-5 6.36577E-5 6.28417E-5 3.97799E-5 5.38602E-5 3.96753E-5 5.20578E-5 1.16402E-4 6.36156E-5 7.2109E-5 6.20207E-5 1.73294E-4 6.0882E-5 5.18295E-6 1.66357E-6 6.62158E-7 2.28953E-7 1.89059E-7 4.8894E-8 4.86148E-9 4.22767E-10 4.22732E-10 8.92141E-10 1.08635E-9 3.25133E-10 4.27363E-10 1.30967E-9 4.71315E-9 6.11883E-9 8.89588E-9 1.90591E-8 2.29194E-8 1.92352E-8 1.68788E-8 1.25203E-8 3.53789E-9 2.43973E-9
-9999 -9999 -9999 -9999 -9999 -9999 -9999 -9999 -9999 -9999 -9999 -9999 -9999 -9999 -9999 -9999 -9999 -9999 -9999 -9999 -9999 -9999 -9999 -9999 -9999 -9999 -9999 -9999 -9999 -9999 -9999 9.15928E-2 1.35452E-1 1.90287E-2 3.55231E-3 2.36293E-3 9.41005E-4 5.36869E-4 3.6617E-4 1.00657E-4 4.86939E-5 6.94955E-5 7.8785E-5 4.82512E-5 4.61053E-5 4.02808E-5 7.36678E-5 1.50366E-4 6.45941E-5 1.19424E-4 4.52411E-5 2.35351E-5 6.9037E-6 1.27299E-6 6.3753E-7 3.92193E-7 1.30426E-7 3.36337E-8 2.41954E-9 3.86685E-10 6.00628E-10 6.87675E-10 7.60753E-10 6.87271E-10 7.31064E-10 1.90502E-9 7.9251E-9 1.61585E-8 1.10284E-8 2.12589E-8 2.63968E-8 1.77185E-8 1.77746E-8 1.34903E-8 8.55125E-9 4.32798E-9
-9999 -9999 -9999 -9999 -9999 -9999 -9999 -9999 -9999 -9999 -9999 -9999 -9999 -9999 -9999 -9999 -9999 -9999 -9999 -9999 -9999 -9999 -9999 -9999 -9999 -9999 -9999 -9999 -9999 -9999 1.8767E-1 2.74912E-1 1.0122E-1 3.16217E-2 7.06074E-3 2.74044E-3 1.94741E-3 6.12748E-4 2.6249E-4 1.76221E-4 1.0591E-4 5.7587E-5 7.38393E-5 5.30492E-5 3.49365E-5 4.90898E-5 5.78352E-5 7.58742E-5 1.28637E-4 1.43935E-4 1.77526E-5 7.50671E-6 5.71612E-6 2.29795E-6 1.13219E-6 2.10099E-7 1.72748E-7 5.11253E-8 1.38801E-9 2.11986E-10 3.37497E-10 3.38046E-10 5.12325E-10 6.61202E-10 7.30928E-10 1.40891E-9 4.48795E-9 7.54968E-9 2.59826E-8 4.11995E-8 5.17298E-8 3.07516E-8 2.30536E-8 1.64306E-8 1.14614E-8 6.2798E-9
-9999 -9999 -9999 -9999 -9999 -9999 -9999 -9999 -9999 -9999 -9999 -9999 -9999 -9999 -9999 -9999 -9999 -9999 -9999 -9999 -9999 -9999 -9999 -9999 -9999 -9999 -9999 -9999 -9999 -9999 2.09257E-1 2.53115E-1 1.75072E-1 4.87855E-2 1.15252E-2 5.39115E-3 2.68589E-3 1.48379E-3 5.12478E-4 1.98464E-4 1.53661E-4 7.18477E-5 5.64141E-5 8.07083E-5 4.83022E-5 4.52741E-5 4.90972E-5 8.68937E-5 4.92584E-5 5.48428E-5 4.56112E-5 9.44451E-6 5.34873E-6 3.0759E-6 1.68661E-6 3.36452E-7 7.59358E-8 1.79454E-8 9.41827E-10 1.36298E-10 2.17278E-10 1.8523E-10 4.08089E-10 6.86701E-10 7.75056E-10 1.35034E-9 4.07351E-9 1.86296E-8 4.30698E-8 4.57613E-8 7.9776E-8 6.14636E-8 3.38981E-8 2.44052E-8 1.57071E-8 8.06284E-9
-9999 -9999 -9999 -9999 -9999 -9999 -9999 -9999 -9999 -9999 -9999 -9999 -9999 -9999 -9999 -9999 -9999 -9999 -9999 -9999 -9999 -9999 -9999 -9999 -9999 -9999 -9999 -9999 -9999 -9999 -9999 -9999 1.13105E-2 4.73406E-2 3.01688E-2 1.09947E-2 5.87873E-3 2.43365E-3 2.8951E-3 3.04976E-4 1.67843E-4 1.3472E-4 6.84661E-5 7.07584E-5 1.10199E-4 1.10541E-4 4.13273E-5 7.67558E-5 5.72233E-5 3.12905E-5 2.15176E-5 7.06066E-6 7.62123E-6 4.51769E-6 1.04148E-6 3.29511E-7 1.37389E-7 2.83813E-8 9.5771E-10 1.57563E-10 2.97202E-10 1.90885E-10 5.34661E-10 4.62291E-10 9.62978E-10 1.43083E-9 5.70316E-9 7.40079E-9 4.2173E-8 7.6451E-8 6.88089E-8 4.96285E-8 4.01403E-8 2.1806E-8 1.70516E-8 7.58855E-9
-9999 -9999 -9999 -9999 -9999 -9999 -9999 -9999 -9999 -9999 -9999 -9999 -9999 -9999 -9999 -9999 -9999 -9999 -9999 -9999 -9999 -9999 -9999 -9999 -9999 -9999 -9999 -9999 -9999 -9999 -9999 -9999 -9999 -9999 -9999 5.57141E-2 1.13413E-2 7.97683E-3 4.11408E-3 1.67206E-3 4.04074E-4 1.20708E-4 1.0495E-4 7.94185E-5 5.56841E-5 8.6789E-5 6.28092E-5 1.52404E-4 1.32544E-4 4.35462E-5 1.68911E-5 1.52323E-5 7.70732E-6 4.24419E-6 1.57611E-6 8.09897E-7 2.96751E-7 3.87037E-8 2.86661E-9 3.65872E-10 3.40664E-10 4.84288E-10 8.66887E-10 2.38771E-9 2.35339E-9 4.211E-9 9.89319E-9 3.12976E-8 3.41825E-8 3.42427E-8 3.39386E-8 2.34115E-8 2.18318E-8 1.14427E-8 8.4203E-9 5.07304E-9
-9999 -9999 -9999 -9999 -9999 -9999 -9999 -9999 -9999 -9999 -9999 -9999 -9999 -9999 -9999 -9999 -9999 -9999 -9999 -9999 -9999 -9999 -9999 -9999 -9999 -9999 -9999 -9999 -9999 -9999 -9999 -9999 -9999 -9999 -9999 1.51521E-1 3.70952E-2 3.10349E-2 9.13754E-3 1.88393E-3 8.11582E-4 3.56877E-4 1.85206E-4 1.3959E-4 8.99996E-5 1.02147E-4 1.11997E-4 1.73618E-4 2.52528E-4 5.95888E-5 2.59594E-5 1.95776E-5 8.94575E-6 5.38726E-6 2.96752E-6 4.78024E-7 1.56754E-7 3.5681E-8 2.38866E-9 3.46543E-10 7.23219E-10 1.31094E-9 2.27371E-9 4.4852E-9 7.55249E-9 1.07921E-8 1.36636E-8 2.19408E-8 3.48522E-8 4.26272E-8 3.92165E-8 1.97733E-8 1.58311E-8 9.13595E-9 9.65012E-9 5.49926E-9
-9999 -9999 -9999 -9999 -9999 -9999 -9999 -9999 -9999 -9999 -9999 -9999 -9999 -9999 -9999 -9999 -9999 -9999 -9999 -9999 -9999 -9999 -9999 -9999 -9999 -9999 -9999 -9999 -9999 -9999 -9999 -9999 -9999 -9999 -9999 -9999 4.79687E-2 3.35047E-2 1.83402E-2 3.92208E-3 1.55362E-3 5.82959E-4 2.27679E-4 1.81223E-4 1.29359E-4 1.76159E-4 1.87656E-4 3.87767E-4 1.86461E-4 1.05505E-4 6.3696E-5 2.52489E-5 1.56156E-5 1.12474E-5 2.36139E-6 1.62733E-6 1.75502E-7 8.65537E-8 5.09729E-9 5.65729E-10 9.01875E-10 3.93817E-9 5.12818E-9 1.01454E-8 2.47371E-8 2.07927E-8 1.90818E-8 3.61151E-8 3.22204E-8 2.13142E-8 4.08106E-8 3.04096E-8 1.76144E-8 1.19152E-8 8.56269E-9 6.97922E-9
-9999 -9999 -9999 -9999 -9999 -9999 -9999 -9999 -9999 -9999 -9999 -9999 -9999 -9999 -9999 -9999 -9999 -9999 -9999 -9999 -9999 -9999 -9999 -9999 -9999 -9999 -9999 -9999 -9999 -9999 -9999 -9999 -9999 -9999 -9999 -9999 2.76383E-1 1.17973E-1 5.91021E-2 1.33099E-2 2.47489E-3 1.54109E-3 3.15575E-4 2.53976E-4 4.53331E-4 4.63809E-4 3.88018E-4 4.23628E-4 2.94496E-4 7.67169E-5 7.05823E-5 3.53125E-5 3.21745E-5 2.05207E-5 3.97777E-6 1.5263E-6 2.01345E-7 7.6406E-8 9.48387E-9 2.01031E-9 2.75894E-9 1.48635E-8 1.21067E-8 3.48058E-8 8.82548E-8 5.45614E-8 4.47576E-8 3.96565E-8 2.33862E-8 1.56998E-8 1.37298E-8 1.67127E-8 2.25115E-8 1.08045E-8 8.09987E-9 7.81512E-9
-9999 -9999 -9999 -9999 -9999 -9999 -9999 -9999 -9999 -9999 -9999 -9999 -9999 -9999 -9999 -9999 -9999 -9999 -9999 -9999 -9999 -9999 -9999 -9999 -9999 -9999 -9999 -9999 -9999 -9999 -9999 -9999 -9999 -9999 -9999 -9999 -9999 1.6396E-1 9.80039E-2 2.82243E-2 5.3002E-3 1.58966E-3 9.50573E-4 3.04349E-4 3.94297E-4 3.86772E-4 2.93771E-4 2.97201E-4 2.84921E-4 1.15657E-4 9.66615E-5 1.29391E-4 8.30422E-5 3.85254E-5 9.83349E-6 1.81406E-6 1.01148E-6 5.95803E-8 2.23515E-8 5.86816E-9 1.25629E-8 2.17333E-8 5.79403E-8 5.89218E-8 1.36709E-7 1.12732E-7 7.16839E-8 3.94302E-8 2.33057E-8 1.42555E-8 1.22975E-8 2.25152E-8 1.66062E-8 9.9543E-9 6.92832E-9 5.64692E-9
-9999 -9999 -9999 -9999 -9999 -9999 -9999 -9999 -9999 -9999 -9999 -9999 -9999 -9999 -9999 -9999 -9999 -9999 -9999 -9999 -9999 -9999 -9999 -9999 -9999 -9999 -9999 -9999 -9999 -9999 -9999 -9999 -9999 -9999 -9999 -9999 -9999 2.00951E-1 8.62735E-2 3.44496E-2 1.0124E-2 1.76143E-3 1.03264E-3 2.9878E-4 4.88659E-4 6.83488E-4 3.14043E-4 2.75095E-4 2.01393E-4 1.36164E-4 1.59795E-4 1.7594E-4 8.59325E-5 2.70523E-5 1.13682E-5 1.45256E-6 8.76706E-7 3.86746E-8 4.52162E-8 8.31415E-9 1.67446E-8 2.86476E-8 5.28582E-8 1.02804E-7 1.65914E-7 1.29805E-7 6.51459E-8 4.23715E-8 2.38703E-8 1.94567E-8 1.78259E-8 1.86215E-8 1.36175E-8 1.08164E-8 6.47663E-9 3.25929E-9
-9999 -9999 -9999 -9999 -9999 -9999 -9999 -9999 -9999 -9999 -9999 -9999 -9999 -9999 -9999 -9999 -9999 -9999 -9999 -9999 -9999 -9999 -9999 -9999 -9999 -9999 -9999 -9999 -9999 -9999 -9999 -9999 -9999 -9999 -9999 -9999 -9999 2.08868E-1 1.42476E-1 4.98135E-2 1.39333E-2 3.38668E-3 9.2556E-4 6.4916E-4 4.64547E-4 3.661E-4 2.29262E-4 2.13047E-4 2.25499E-4 1.41694E-4 2.27811E-4 7.41907E-5 4.80445E-5 3.07039E-5 9.0825E-6 4.99435E-6 8.64918E-7 1.09044E-7 5.05314E-8 1.49891E-8 3.09778E-8 5.3267E-8 7.28386E-8 1.43789E-7 2.25264E-7 1.01908E-7 5.67247E-8 4.99543E-8 3.17989E-8 2.24392E-8 1.29415E-8 2.37341E-8 1.38927E-8 1.05477E-8 8.35243E-9 3.69125E-9
-9999 -9999 -9999 -9999 -9999 -9999 -9999 -9999 -9999 -9999 -9999 -9999 -9999 -9999 -9999 -9999 -9999 -9999 -9999 -9999 -9999 -9999 -9999 -9999 -9999 -9999 -9999 -9999 -9999 -9999 -9999 -9999 -9999 -9999 -9999 -9999 -9999 -9999 2.16711E-1 4.80758E-2 1.5331E-2 5.254E-3 1.4129E-3 1.0991E-3 6.48569E-4 4.2228E-4 2.04333E-4 1.85742E-4 2.29963E-4 1.70207E-4 3.10804E-4 1.52149E-4 1.18848E-4 5.27395E-5 1.04183E-5 3.87562E-6 1.40587E-6 2.51721E-7 1.31998E-7 2.5685E-8 4.13553E-8 9.7746E-8 9.75434E-8 1.4467E-7 2.61579E-7 1.44391E-7 9.77956E-8 7.6327E-8 3.51594E-8 2.6086E-8 1.67E-8 9.23595E-9 1.53566E-8 1.01017E-8 4.47931E-9 3.15042E-9
-9999 -9999 -9999 -9999 -9999 -9999 -9999 -9999 -9999 -9999 -9999 -9999 -9999 -9999 -9999 -9999 -9999 -9999 -9999 -9999 -9999 -9999 -9999 -9999 -9999 -9999 -9999 -9999 -9999 -9999 -9999 -9999 -9999 -9999 -9999 -9999 -9999 -9999 1.87495E-1 7.0665E-2 2.93E-2 1.20632E-2 2.88239E-3 1.4389E-3 1.23483E-3 2.93413E-4 4.09772E-4 5.1685E-4 1.69223E-4 2.901E-4 2.44067E-4 1.76968E-4 1.40356E-4 7.62077E-5 1.18534E-5 6.2229E-6 1.46761E-6 4.70919E-7 1.23069E-7 6.96671E-8 1.46083E-7 1.41266E-7 2.38611E-7 1.8255E-7 2.67103E-7 2.0359E-7 1.85844E-7 9.29913E-8 7.08658E-8 4.48762E-8 2.72048E-8 7.90605E-9 1.23406E-8 1.00658E-8 4.46589E-9 1.62809E-9
-9999 -9999 -9999 -9999 -9999 -9999 -9999 -9999 -9999 -9999 -9999 -9999 -9999 -9999 -9999 -9999 -9999 -9999 -9999 -9999 -9999 -9999 -9999 -9999 -9999 -9999 -9999 -9999 -9999 -9999 -9999 -9999 -9999 -9999 -9999 -9999 -9999 -9999 1.87264E-1 9.77616E-2 2.89752E-2 8.85051E-3 3.38802E-3 1.43128E-3 8.77507E-4 8.85142E-4 5.19523E-4 3.72901E-4 1.58417E-4 2.00211E-4 3.3404E-4 1.82912E-4 1.41561E-4 8.75021E-5 1.85904E-5 8.35086E-6 2.30226E-6 8.45147E-7 5.99124E-7 8.59558E-8 1.85874E-7 1.74108E-7 1.82117E-7 3.3442E-7 3.57793E-7 2.99998E-7 1.46326E-7 1.06287E-7 6.77722E-8 4.04451E-8 1.81568E-8 9.60861E-9 8.85045E-9 7.7132E-9 2.88884E-9 1.75885E-9
-9999 -9999 -9999 -9999 -9999 -9999 -9999 -9999 -9999 -9999 -9999 -9999 -9999 -9999 -9999 -9999 -9999 -9999 -9999 -9999 -9999 -9999 -9999 -9999 -9999 -9999 -9999 -9999 -9999 -9999 -9999 -9999 -9999 -9999 -9999 -9999 -9999 -9999 1.65512E-1 2.16266E-1 3.92303E-2 1.44878E-2 4.19601E-3 2.17359E-3 8.83574E-4 1.61856E-3 8.85869E-4 4.00504E-4 2.05802E-4 1.74295E-4 4.31338E-4 1.76318E-4 9.70258E-5 9.17917E-5 1.61644E-5 5.10368E-6 2.41601E-6 1.18794E-6 6.92576E-7 1.40019E-7 1.36778E-7 1.73942E-7 2.43465E-7 3.2183E-7 6.24792E-7 4.57104E-7 2.09661E-7 8.12025E-8 9.73813E-8 6.80639E-8 1.72946E-8 9.3634E-9 5.76949E-9 5.57116E-9 3.77986E-9 1.16293E-9
-9999 -9999 -9999 -9999 -9999 -9999 -9999 -9999 -9999 -9999 -9999 -9999 -9999 -9999 -9999 -9999 -9999 -9999 -9999 -9999 -9999 -9999 -9999 -9999 -9999 -9999 -9999 -9999 -9999 -9999 -9999 -9999 -9999 -9999 -9999 -9999 -9999 -9999 -9999 6.03298E-2 7.16386E-2 1.68813E-2 6.08998E-3 5.67019E-3 1.46889E-3 7.55374E-4 6.84835E-4 5.35162E-4 3.91226E-4 2.6435E-4 4.41314E-4 2.57922E-4 1.06695E-4 6.01071E-5 2.06452E-5 8.02E-6 2.6323E-6 1.58512E-6 7.63072E-7 1.92112E-7 1.9019E-7 2.86533E-7 2.36767E-7 4.93347E-7 5.25591E-7 5.92653E-7 2.18741E-7 8.40623E-8 7.71395E-8 5.79749E-8 1.77278E-8 1.12428E-8 8.59619E-9 4.62864E-9 3.23187E-9 1.9455E-9
-9999 -9999 -9999 -9999 -9999 -9999 -9999 -9999 -9999 -9999 -9999 -9999 -9999 -9999 -9999 -9999 -9999 -9999 -9999 -9999 -9999 -9999 -9999 -9999 -9999 -9999 -9999 -9999 -9999 -9999 -9999 -9999 -9999 -9999 -9999 -9999 -9999 -9999 -9999 1.40402E-1 6.68164E-2 2.63561E-2 9.78772E-3 4.4749E-3 2.05201E-3 1.2721E-3 9.12778E-4 6.4237E-4 3.91051E-4 5.5049E-4 4.14143E-4 2.11147E-4 1.66084E-4 1.02013E-4 4.08298E-5 1.23629E-5 3.05514E-6 2.05832E-6 5.36571E-7 2.27961E-7 1.93449E-7 2.71074E-7 2.47144E-7 3.99774E-7 3.92205E-7 2.70993E-7 2.37658E-7 1.34684E-7 1.01594E-7 3.12377E-8 1.69343E-8 1.31782E-8 7.49849E-9 6.76846E-9 3.78165E-9 1.42702E-9
-9999 -9999 -9999 -9999 -9999 -9999 -9999 -9999 -9999 -9999 -9999 -9999 -9999 -9999 -9999 -9999 -9999 -9999 -9999 -9999 -9999 -9999 -9999 -9999 -9999 -9999 -9999 -9999 -9999 -9999 -9999 -9999 -9999 -9999 -9999 -9999 -9999 -9999 -9999 8.07127E-2 9.20821E-2 3.78192E-2 1.28211E-2 3.65138E-3 2.55707E-3 9.62021E-4 1.12903E-3 5.37121E-4 5.27662E-4 2.701E-4 2.09136E-4 2.00825E-4 1.39591E-4 1.15553E-4 5.20832E-5 2.33916E-5 5.69556E-6 2.79438E-6 2.43616E-6 4.8186E-7 3.57419E-7 2.56303E-7 3.28063E-7 2.81774E-7 3.227E-7 2.4335E-7 1.24017E-7 1.13154E-7 7.84606E-8 2.37045E-8 1.27387E-8 7.07015E-9 1.05059E-8 5.74459E-9 2.5654E-9 1.31975E-9
-9999 -9999 -9999 -9999 -9999 -9999 -9999 -9999 -9999 -9999 -9999 -9999 -9999 -9999 -9999 -9999 -9999 -9999 -9999 -9999 -9999 -9999 -9999 -9999 -9999 -9999 -9999 -9999 -9999 -9999 -9999 -9999 -9999 -9999 -9999 -9999 -9999 -9999 -9999 2.09142E-1 1.18237E-1 3.62899E-2 1.91308E-2 4.17818E-3 4.60789E-3 1.23376E-3 1.20645E-3 8.63808E-4 5.74283E-4 2.85218E-4 2.42229E-4 1.43568E-4 1.47998E-4 1.30123E-4 5.78522E-5 1.06243E-5 4.82155E-6 3.14343E-6 1.66034E-6 1.55741E-6 4.05171E-7 3.79895E-7 3.371E-7 3.02627E-7 3.43846E-7 1.83634E-7 1.97441E-7 7.22824E-8 3.29502E-8 2.32897E-8 1.11061E-8 2.08654E-8 8.58634E-9 3.48658E-9 1.37283E-9 8.2187E-10
-9999 -9999 -9999 -9999 -9999 -9999 -9999 -9999 -9999 -9999 -9999 -9999 -9999 -9999 -9999 -9999 -9999 -9999 -9999 -9999 -9999 -9999 -9999 -9999 -9999 -9999 -9999 -9999 -9999 -9999 -9999 -9999 -9999 -9999 -9999 -9999 -9999 -9999 -9999 1.68336E-1 2.17843E-1 6.04501E-2 2.07683E-2 7.7245E-3 3.2018E-3 1.35223E-3 7.67768E-4 5.58027E-4 4.4644E-4 4.24782E-4 2.61198E-4 1.20254E-4 9.06908E-5 1.13318E-4 8.42885E-5 2.53465E-5 8.08234E-6 3.08187E-6 1.9242E-6 1.80996E-6 1.35925E-6 4.5333E-7 3.48327E-7 2.90505E-7 2.53775E-7 2.27611E-7 9.89931E-8 6.10518E-8 3.06914E-8 2.38707E-8 1.12682E-8 7.31766E-9 8.65938E-9 2.8836E-9 1.35973E-9 7.63403E-10
-9999 -9999 -9999 -9999 -9999 -9999 -9999 -9999 -9999 -9999 -9999 -9999 -9999 -9999 -9999 -9999 -9999 -9999 -9999 -9999 -9999 -9999 -9999 -9999 -9999 -9999 -9999 -9999 -9999 -9999 -9999 -9999 -9999 -9999 -9999 -9999 -9999 -9999 -9999 -9999 1.10215E-1 7.45609E-2 2.52408E-2 1.21233E-2 3.21116E-3 1.68581E-3 6.89539E-4 6.96694E-4 6.08506E-4 2.92938E-4 3.45889E-4 2.6745E-4 1.17724E-4 8.97852E-5 1.18167E-4 4.2763E-5 1.07179E-5 5.53055E-6 1.85573E-6 6.42963E-7 1.72157E-6 8.37503E-7 4.20594E-7 2.8177E-7 2.48416E-7 1.60176E-7 1.01205E-7 8.62545E-8 4.84345E-8 2.49121E-8 1.34329E-8 1.66664E-8 9.40007E-9 4.26075E-9 1.82548E-9 1.49867E-9
-9999 -9999 -9999 -9999 -9999 -9999 -9999 -9999 -9999 -9999 -9999 -9999 -9999 -9999 -9999 -9999 -9999 -9999 -9999 -9999 -9999 -9999 -9999 -9999 -9999 -9999 -9999 -9999 -9999 -9999 -9999 -9999 -9999 -9999 -9999 -9999 -9999 -9999 -9999 -9999 1.08431E-1 5.54276E-2 4.29274E-2 1.50393E-2 6.43582E-3 2.79886E-3 9.26191E-4 5.33337E-4 5.06015E-4 5.97759E-4 4.85881E-4 2.55346E-4 2.59432E-4 3.48107E-4 1.21516E-4 2.73876E-5 1.24351E-5 4.45605E-6 2.23776E-6 1.10265E-6 1.54025E-6 8.93416E-7 4.06453E-7 3.02545E-7 2.90894E-7 1.25015E-7 6.99814E-8 5.22791E-8 3.72389E-8 2.10785E-8 1.05293E-8 1.66132E-8 8.36094E-9 5.19902E-9 2.33054E-9 1.84813E-9
-9999 -9999 -9999 -9999 -9999 -9999 -9999 -9999 -9999 -9999 -9999 -9999 -9999 -9999 -9999 -9999 -9999 -9999 -9999 -9999 -9999 -9999 -9999 -9999 -9999 -9999 -9999 -9999 -9999 -9999 -9999 -9999 -9999 -9999 -9999 -9999 -9999 -9999 -9999 -9999 2.15591E-1 7.38931E-2 7.84299E-2 2.9572E-2 6.51231E-3 2.98795E-3 2.10686E-3 6.81121E-4 1.21951E-3 6.39382E-4 7.53098E-4 4.77875E-4 3.16145E-4 2.49676E-4 4.3186E-4 9.97222E-5 1.81876E-5 7.05725E-6 1.93381E-6 1.02045E-6 6.95429E-7 1.12508E-6 5.01673E-7 2.15518E-7 1.76513E-7 1.15663E-7 6.60455E-8 4.46239E-8 6.45203E-8 2.7071E-8 1.24548E-8 1.63675E-8 6.87322E-9 4.48369E-9 2.05172E-9 2.12882E-9
-9999 -9999 -9999 -9999 -9999 -9999 -9999 -9999 -9999 -9999 -9999 -9999 -9999 -9999 -9999 -9999 -9999 -9999 -9999 -9999 -9999 -9999 -9999 -9999 -9999 -9999 -9999 -9999 -9999 -9999 -9999 -9999 -9999 -9999 -9999 -9999 -9999 -9999 -9999 -9999 -9999 1.74253E-2 -9999 1.28722E-1 4.18771E-2 1.03826E-2 3.17413E-3 1.78662E-3 1.00205E-3 6.63605E-4 7.17085E-4 9.43415E-4 2.22147E-4 1.73489E-4 2.31665E-4 7.90784E-5 4.62296E-5 6.8476E-6 2.7517E-6 1.0908E-6 8.3063E-7 1.2053E-6 3.27681E-7 2.55019E-7 1.48058E-7 9.33053E-8 6.45008E-8 4.25298E-8 3.63231E-8 1.7462E-8 1.24452E-8 2.43988E-8 6.72239E-9 2.44468E-9 2.12781E-9 1.9421E-9
-9999 -9999 -9999 -9999 -9999 -9999 -9999 -9999 -9999 -9999 -9999 -9999 -9999 -9999 -9999 -9999 -9999 -9999 -9999 -9999 -9999 -9999 -9999 -9999 -9999 -9999 -9999 -9999 -9999 -9999 -9999 -9999 -9999 -9999 -9999 -9999 -9999 -9999 -9999 -9999 -9999 -9999 -9999 5.89364E-2 1.83531E-1 7.13899E-2 1.42471E-2 2.53709E-3 1.05996E-3 4.54531E-4 4.40469E-4 7.7711E-4 5.56472E-4 2.77704E-4 1.77974E-4 6.94099E-5 2.41802E-5 1.02994E-5 2.49441E-6 1.45944E-6 2.10029E-6 1.20946E-6 4.56339E-7 1.93345E-7 1.34684E-7 8.47874E-8 5.9063E-8 5.06089E-8 3.14696E-8 2.23233E-8 1.34798E-8 2.07897E-8 6.18861E-9 3.41406E-9 2.82771E-9 2.08135E-9
-9999 -9999 -9999 -9999 -9999 -9999 -9999 -9999 -9999 -9999 -9999 -9999 -9999 -9999 -9999 -9999 -9999 -9999 -9999 -9999 -9999 -9999 -9999 -9999 -9999 -9999 -9999 -9999 -9999 -9999 -9999 -9999 -9999 -9999 -9999 -9999 -9999 -9999 -9999 -9999 -9999 -9999 -9999 1.1403E-1 1.68169E-1 1.04378E-1 4.0791E-2 9.69005E-3 2.47819E-3 9.18739E-4 7.61787E-4 3.541E-4 4.4164E-4 4.24359E-4 3.17186E-4 1.41365E-4 3.43376E-5 1.18875E-5 3.2649E-6 4.04631E-6 2.47993E-6 5.7556E-7 4.97357E-7 2.5367E-7 1.6085E-7 1.1339E-7 7.68697E-8 5.79481E-8 3.88189E-8 2.58891E-8 1.17222E-8 1.23835E-8 4.95517E-9 3.04667E-9 2.9931E-9 1.75492E-9
-9999 -9999 -9999 -9999 -9999 -9999 -9999 -9999 -9999 -9999 -9999 -9999 -9999 -9999 -9999 -9999 -9999 -9999 -9999 -9999 -9999 -9999 -9999 -9999 -9999 -9999 -9999 -9999 -9999 -9999 -9999 -9999 -9999 -9999 -9999 -9999 -9999 -9999 -9999 -9999 -9999 -9999 -9999 3.10177E-2 1.78406E-1 1.13042E-1 7.69338E-2 1.80848E-2 6.26074E-3 1.31785E-3 6.00133E-4 4.30167E-4 2.29032E-4 3.51361E-4 2.66437E-4 2.34043E-4 4.05125E-5 1.33607E-5 5.43337E-6 2.94458E-6 3.3806E-6 1.81782E-6 6.25366E-7 3.45216E-7 2.15632E-7 1.27045E-7 7.05836E-8 6.5179E-8 4.44966E-8 2.2417E-8 1.37733E-8 1.87111E-8 4.82149E-9 2.50549E-9 2.40283E-9 1.41612E-9
