data/processed/Maxent_results1/MaxEnt_Output_betamultiplier_3_includesrepeatingpoints/religiosa_max.asc
ncols         804
nrows         479
xllcorner     -160.716666666667
yllcorner     18.575
cellsize      0.008333333333
NODATA_value  -9999
[rows 340 to 373 of 479, columns 532 to 607 of 804]
-9999 -9999 -9999 -9999 -9999 -9999 -9999 -9999 -9999 -9999 -9999 -9999 -9999 -9999 -9999 -9999 -9999 -9999 -9999 -9999 -9999 -9999 -9999 -9999 -9999 -9999 -9999 5.16678E-1 6.48873E-1 2.30462E-1 3.41053E-2 3.18597E-2 2.01775E-3 1.06412E-3 7.81702E-4 3.43093E-4 1.34622E-4 1.14728E-4 7.35294E-5 2.33162E-4 1.35656E-4 1.69468E-4 1.46365E-4 1.27535E-4 1.17019E-4 4.7249E-5 6.18781E-5 6.5124E-5 1.78204E-4 6.14175E-5 2.18785E-5 2.37595E-5 1.19959E-5 5.28157E-6 2.44999E-6 2.18632E-6 1.71553E-6 8.78431E-7 6.77013E-7 2.76418E-7 2.65997E-7 1.97174E-7 2.01827E-7 3.48823E-7 1.87366E-7 1.27638E-7 2.36282E-7 1.39086E-7 3.48173E-7 3.65215E-7 4.11017E-7 1.7614E-7 1.55385E-7 9.10064E-8 8.01916E-8 4.67929E-8
-9999 -9999 -9999 -9999 -9999 -9999 -9999 -9999 -9999 -9999 -9999 -9999 -9999 -9999 -9999 -9999 -9999 -9999 -9999 -9999 -9999 -9999 -9999 -9999 -9999 -9999 -9999 2.33342E-1 5.94253E-1 2.47938E-1 1.10955E-1 1.34303E-2 2.46294E-3 1.93469E-3 1.12707E-3 3.43338E-4 1.28905E-4 1.02892E-4 5.8793E-5 2.00594E-4 1.37753E-4 2.44924E-4 1.46382E-4 8.26323E-5 1.25056E-4 7.16672E-5 8.14359E-5 1.33715E-4 1.31211E-4 8.39348E-5 5.30745E-5 2.69286E-5 1.05385E-5 4.78878E-6 1.68212E-6 1.04695E-6 7.34612E-7 2.99469E-7 2.28307E-7 1.56893E-7 1.49464E-7 1.48579E-7 5.58867E-8 5.88799E-8 3.52169E-8 6.09802E-8 8.04484E-8 1.4602E-7 1.7955E-7 1.62874E-7 1.90327E-7 9.78836E-8 6.26611E-8 4.8564E-8 5.1682E-8 2.49113E-8
-9999 -9999 -9999 -9999 -9999 -9999 -9999 -9999 -9999 -9999 -9999 -9999 -9999 -9999 -9999 -9999 -9999 -9999 -9999 -9999 -9999 -9999 -9999 -9999 -9999 -9999 -9999 -9999 4.86443E-1 5.7112E-1 8.45107E-2 1.73302E-2 4.25709E-3 2.59298E-3 1.15545E-3 5.31894E-4 2.58544E-4 1.57289E-4 3.82936E-5 1.79298E-4 1.82898E-4 1.41261E-4 1.96351E-4 9.66045E-5 1.81015E-4 9.96784E-5 5.81627E-5 7.37981E-5 7.16924E-5 6.40684E-5 8.09111E-5 2.07867E-5 5.33678E-6 1.46853E-6 7.65949E-7 3.7856E-7 3.70441E-7 2.26655E-7 1.66614E-7 8.24389E-8 6.89757E-8 3.34956E-8 4.27175E-8 1.36331E-8 1.21739E-8 2.72551E-8 4.42757E-8 4.54833E-8 5.39217E-8 9.80306E-8 7.38262E-8 6.82202E-8 3.51969E-8 3.54142E-8 4.26811E-8 1.23136E-8
-9999 -9999 -9999 -9999 -9999 -9999 -9999 -9999 -9999 -9999 -9999 -9999 -9999 -9999 -9999 -9999 -9999 -9999 -9999 -9999 -9999 -9999 -9999 -9999 -9999 -9999 -9999 -9999 2.96191E-1 6.0168E-1 2.84845E-1 5.50109E-2 1.36602E-2 3.65872E-3 2.5457E-3 7.2737E-4 1.8087E-4 9.37526E-5 1.23009E-4 1.27893E-4 8.29061E-5 1.10356E-4 1.19963E-4 2.1894E-4 2.41549E-4 9.35708E-5 1.14933E-4 1.69052E-4 1.47328E-4 2.26992E-4 1.11929E-4 3.54668E-5 7.69553E-6 1.40907E-6 4.77847E-7 4.63234E-7 1.58767E-7 1.09087E-7 1.07071E-7 1.72589E-8 5.64744E-9 5.29534E-9 5.01082E-9 6.84862E-9 5.43411E-9 1.06802E-8 2.53392E-8 2.13724E-8 4.28088E-8 5.92966E-8 5.98885E-8 4.70368E-8 1.56591E-8 1.18574E-8 1.52309E-8 9.67811E-9
-9999 -9999 -9999 -9999 -9999 -9999 -9999 -9999 -9999 -9999 -9999 -9999 -9999 -9999 -9999 -9999 -9999 -9999 -9999 -9999 -9999 -9999 -9999 -9999 -9999 -9999 -9999 -9999 8.45789E-2 3.67611E-1 7.69319E-1 1.1032E-1 1.73518E-2 9.68417E-3 4.8179E-3 1.20994E-3 5.64101E-4 1.66865E-4 5.16654E-5 1.66982E-4 9.97925E-5 6.16771E-5 7.57271E-5 7.63258E-5 1.03447E-4 8.61015E-5 1.0598E-4 2.77098E-4 2.20296E-4 1.07396E-4 1.15577E-4 4.52282E-5 5.95451E-6 1.5816E-6 6.86287E-7 4.2114E-7 2.38791E-7 7.06611E-8 2.50134E-8 1.05916E-9 1.67632E-9 2.58698E-9 2.39218E-9 2.11062E-9 3.16981E-9 6.67004E-9 5.02488E-9 1.27033E-8 2.93748E-8 2.18827E-8 2.66646E-8 1.6614E-8 1.93497E-8 7.50485E-9 4.99737E-9 3.17301E-9
-9999 -9999 -9999 -9999 -9999 -9999 -9999 -9999 -9999 -9999 -9999 -9999 -9999 -9999 -9999 -9999 -9999 -9999 -9999 -9999 -9999 -9999 -9999 -9999 -9999 -9999 -9999 -9999 -9999 -9999 4.16712E-1 1.86825E-1 3.17233E-2 1.4462E-2 4.19187E-3 2.64788E-3 5.16126E-4 2.19659E-4 8.17431E-5 1.80865E-4 8.86278E-5 8.16917E-5 5.87526E-5 5.06807E-5 7.87836E-5 1.08964E-4 1.31537E-4 8.91352E-5 1.49253E-4 1.60613E-4 1.33583E-4 1.23702E-4 2.03874E-5 2.63224E-6 5.70983E-7 4.39491E-7 1.5936E-7 1.13342E-7 6.15447E-9 1.11886E-9 9.15891E-10 1.94933E-9 1.49354E-9 2.33767E-9 2.14001E-9 5.19383E-9 5.24157E-9 1.03671E-8 1.32178E-8 2.4582E-8 3.55517E-8 3.2359E-8 1.95708E-8 1.18794E-8 7.0996E-9 5.00398E-9
-9999 -9999 -9999 -9999 -9999 -9999 -9999 -9999 -9999 -9999 -9999 -9999 -9999 -9999 -9999 -9999 -9999 -9999 -9999 -9999 -9999 -9999 -9999 -9999 -9999 -9999 -9999 -9999 -9999 -9999 1.31588E-1 4.68467E-1 5.63276E-2 1.12471E-2 4.52006E-3 1.93005E-3 7.85377E-4 2.31717E-4 1.55428E-4 9.1662E-5 1.16933E-4 1.25912E-4 6.2626E-5 7.57177E-5 6.05326E-5 8.51947E-5 1.34237E-4 8.46949E-5 1.03491E-4 9.06871E-5 2.46251E-4 8.21525E-5 6.58175E-6 2.48635E-6 9.52958E-7 3.37222E-7 2.81837E-7 8.39337E-8 9.5576E-9 7.37077E-10 6.75393E-10 1.40743E-9 1.74018E-9 5.51239E-10 7.23486E-10 2.37587E-9 7.12016E-9 9.50278E-9 1.39886E-8 2.93365E-8 3.53737E-8 2.94815E-8 2.45144E-8 1.78612E-8 5.28941E-9 3.78312E-9
-9999 -9999 -9999 -9999 -9999 -9999 -9999 -9999 -9999 -9999 -9999 -9999 -9999 -9999 -9999 -9999 -9999 -9999 -9999 -9999 -9999 -9999 -9999 -9999 -9999 -9999 -9999 -9999 -9999 -9999 -9999 1.00128E-1 1.50977E-1 2.09933E-2 4.14941E-3 2.92422E-3 1.18221E-3 8.45913E-4 6.31448E-4 1.17883E-4 6.44535E-5 1.37182E-4 1.59338E-4 7.32009E-5 6.92396E-5 6.4564E-5 1.29015E-4 1.76335E-4 8.86074E-5 1.51894E-4 5.50726E-5 3.04564E-5 9.0418E-6 1.81291E-6 9.26183E-7 5.28133E-7 1.97145E-7 5.96125E-8 4.35957E-9 7.4285E-10 9.3154E-10 1.12612E-9 1.22077E-9 1.31758E-9 1.35731E-9 3.51139E-9 1.1585E-8 2.45117E-8 1.72531E-8 3.27933E-8 3.97714E-8 2.74923E-8 2.61439E-8 2.00438E-8 1.29645E-8 6.81725E-9
-9999 -9999 -9999 -9999 -9999 -9999 -9999 -9999 -9999 -9999 -9999 -9999 -9999 -9999 -9999 -9999 -9999 -9999 -9999 -9999 -9999 -9999 -9999 -9999 -9999 -9999 -9999 -9999 -9999 -9999 2.34859E-1 3.03677E-1 1.09603E-1 3.37853E-2 7.99339E-3 3.15145E-3 2.57095E-3 7.89935E-4 3.02674E-4 2.29136E-4 1.45491E-4 7.54181E-5 1.41309E-4 9.75094E-5 5.31491E-5 7.80806E-5 9.48734E-5 1.23604E-4 1.58653E-4 1.78929E-4 2.41862E-5 9.28974E-6 7.16577E-6 3.03039E-6 1.4196E-6 3.14647E-7 2.66464E-7 8.15076E-8 2.52045E-9 4.0092E-10 7.17672E-10 5.46479E-10 8.29177E-10 1.06769E-9 1.44752E-9 2.66289E-9 7.91441E-9 1.17194E-8 3.8247E-8 6.11101E-8 7.57894E-8 4.59707E-8 3.44272E-8 2.47296E-8 1.82462E-8 9.81637E-9
-9999 -9999 -9999 -9999 -9999 -9999 -9999 -9999 -9999 -9999 -9999 -9999 -9999 -9999 -9999 -9999 -9999 -9999 -9999 -9999 -9999 -9999 -9999 -9999 -9999 -9999 -9999 -9999 -9999 -9999 2.5978E-1 2.68218E-1 1.88839E-1 5.36531E-2 1.24514E-2 6.12743E-3 3.16341E-3 2.02988E-3 5.5488E-4 2.22502E-4 2.04869E-4 8.23511E-5 7.25221E-5 1.5979E-4 9.0246E-5 7.5518E-5 7.84557E-5 1.43193E-4 6.06467E-5 6.61459E-5 5.18199E-5 1.2376E-5 6.55905E-6 3.79611E-6 2.12977E-6 4.30204E-7 1.26468E-7 3.07194E-8 1.75932E-9 2.63497E-10 4.1144E-10 3.43629E-10 6.66697E-10 1.11089E-9 1.2126E-9 2.54767E-9 7.2062E-9 2.9068E-8 6.31939E-8 6.54407E-8 1.15675E-7 8.69349E-8 4.83574E-8 3.51982E-8 2.31039E-8 1.33521E-8
-9999 -9999 -9999 -9999 -9999 -9999 -9999 -9999 -9999 -9999 -9999 -9999 -9999 -9999 -9999 -9999 -9999 -9999 -9999 -9999 -9999 -9999 -9999 -9999 -9999 -9999 -9999 -9999 -9999 -9999 -9999 -9999 1.16238E-2 4.98515E-2 3.45189E-2 1.34016E-2 7.40287E-3 2.79268E-3 3.60379E-3 3.31365E-4 1.7882E-4 1.80269E-4 7.99708E-5 9.0949E-5 2.00806E-4 2.00076E-4 4.81772E-5 1.03086E-4 6.9979E-5 3.98974E-5 2.8735E-5 8.81652E-6 1.05687E-5 5.44181E-6 1.27466E-6 4.20343E-7 1.9782E-7 4.98125E-8 1.78283E-9 2.98341E-10 5.38523E-10 3.4758E-10 1.01082E-9 7.95287E-10 1.80731E-9 2.38172E-9 1.0708E-8 1.18152E-8 6.10483E-8 1.08585E-7 9.82227E-8 6.99261E-8 5.59019E-8 3.14007E-8 2.47602E-8 1.18761E-8
-9999 -9999 -9999 -9999 -9999 -9999 -9999 -9999 -9999 -9999 -9999 -9999 -9999 -9999 -9999 -9999 -9999 -9999 -9999 -9999 -9999 -9999 -9999 -9999 -9999 -9999 -9999 -9999 -9999 -9999 -9999 -9999 -9999 -9999 -9999 6.13904E-2 1.30545E-2 9.48616E-3 5.60896E-3 2.06777E-3 6.19757E-4 1.34235E-4 1.25769E-4 9.41145E-5 6.71099E-5 1.25267E-4 7.34417E-5 1.72703E-4 1.69995E-4 5.50216E-5 2.32149E-5 1.94904E-5 8.88135E-6 6.21937E-6 2.04905E-6 1.00829E-6 4.0054E-7 6.71839E-8 5.46804E-9 7.32116E-10 6.48301E-10 8.58188E-10 1.49005E-9 3.95452E-9 3.96765E-9 6.93004E-9 1.77479E-8 4.62415E-8 5.03375E-8 5.07597E-8 4.91386E-8 3.31094E-8 3.06148E-8 1.63955E-8 1.23866E-8 7.62655E-9
-9999 -9999 -9999 -9999 -9999 -9999 -9999 -9999 -9999 -9999 -9999 -9999 -9999 -9999 -9999 -9999 -9999 -9999 -9999 -9999 -9999 -9999 -9999 -9999 -9999 -9999 -9999 -9999 -9999 -9999 -9999 -9999 -9999 -9999 -9999 1.61095E-1 4.17655E-2 3.57997E-2 1.11977E-2 2.05291E-3 8.82152E-4 4.15946E-4 2.16358E-4 1.73753E-4 1.0874E-4 1.16573E-4 1.37183E-4 2.03316E-4 3.92242E-4 7.95807E-5 3.69257E-5 2.47947E-5 1.17947E-5 7.34121E-6 3.50385E-6 6.98676E-7 2.39355E-7 5.94841E-8 4.24519E-9 6.56229E-10 1.37268E-9 2.41079E-9 3.80125E-9 7.3495E-9 1.33377E-8 1.92644E-8 2.3801E-8 3.61211E-8 5.14847E-8 6.19669E-8 5.73594E-8 2.79316E-8 2.22058E-8 1.34379E-8 1.40325E-8 8.2642E-9
-9999 -9999 -9999 -9999 -9999 -9999 -9999 -9999 -9999 -9999 -9999 -9999 -9999 -9999 -9999 -9999 -9999 -9999 -9999 -9999 -9999 -9999 -9999 -9999 -9999 -9999 -9999 -9999 -9999 -9999 -9999 -9999 -9999 -9999 -9999 -9999 5.95808E-2 3.84504E-2 2.00649E-2 4.27271E-3 2.22017E-3 6.20481E-4 2.476E-4 1.94693E-4 1.41528E-4 2.19814E-4 2.33849E-4 5.99771E-4 2.79172E-4 1.28815E-4 7.87572E-5 3.25483E-5 1.99371E-5 1.32631E-5 2.99311E-6 1.9567E-6 2.66579E-7 1.34854E-7 8.75775E-9 9.87041E-10 1.59474E-9 6.94964E-9 8.51976E-9 1.7289E-8 4.32214E-8 3.48271E-8 3.23072E-8 5.47212E-8 4.75637E-8 3.23492E-8 6.04428E-8 4.52964E-8 2.56089E-8 1.71432E-8 1.27461E-8 1.05198E-8
-9999 -9999 -9999 -9999 -9999 -9999 -9999 -9999 -9999 -9999 -9999 -9999 -9999 -9999 -9999 -9999 -9999 -9999 -9999 -9999 -9999 -9999 -9999 -9999 -9999 -9999 -9999 -9999 -9999 -9999 -9999 -9999 -9999 -9999 -9999 -9999 2.86196E-1 1.35478E-1 6.81331E-2 1.58409E-2 2.77753E-3 2.14162E-3 3.58978E-4 2.70026E-4 5.17629E-4 5.44874E-4 4.68678E-4 6.66218E-4 4.51273E-4 9.37085E-5 9.48461E-5 4.50394E-5 3.74976E-5 2.38348E-5 5.01122E-6 1.85789E-6 3.21037E-7 1.25427E-7 1.59054E-8 3.51649E-9 4.69854E-9 2.34419E-8 1.82862E-8 5.80609E-8 1.52115E-7 8.69145E-8 7.4459E-8 6.5922E-8 3.65498E-8 2.43169E-8 2.12727E-8 2.61551E-8 3.44042E-8 1.59092E-8 1.20543E-8 1.15447E-8
-9999 -9999 -9999 -9999 -9999 -9999 -9999 -9999 -9999 -9999 -9999 -9999 -9999 -9999 -9999 -9999 -9999 -9999 -9999 -9999 -9999 -9999 -9999 -9999 -9999 -9999 -9999 -9999 -9999 -9999 -9999 -9999 -9999 -9999 -9999 -9999 -9999 1.97448E-1 1.14897E-1 3.04482E-2 6.04988E-3 1.85927E-3 1.09351E-3 3.46448E-4 4.58814E-4 4.90396E-4 3.8776E-4 3.59751E-4 4.46199E-4 1.64222E-4 1.10667E-4 1.53891E-4 9.5578E-5 4.54664E-5 1.16169E-5 2.19332E-6 1.29316E-6 9.97224E-8 3.45004E-8 9.6628E-9 1.95611E-8 3.30148E-8 7.99637E-8 9.77137E-8 2.32181E-7 1.95009E-7 1.04152E-7 6.90725E-8 4.04376E-8 2.27109E-8 1.92063E-8 3.44791E-8 2.57049E-8 1.5086E-8 1.03584E-8 8.40886E-9
-9999 -9999 -9999 -9999 -9999 -9999 -9999 -9999 -9999 -9999 -9999 -9999 -9999 -9999 -9999 -9999 -9999 -9999 -9999 -9999 -9999 -9999 -9999 -9999 -9999 -9999 -9999 -9999 -9999 -9999 -9999 -9999 -9999 -9999 -9999 -9999 -9999 2.43137E-1 1.03547E-1 4.09211E-2 1.18755E-2 1.88296E-3 1.44919E-3 3.21392E-4 5.42249E-4 8.85145E-4 3.64384E-4 3.25495E-4 2.9766E-4 1.62284E-4 1.88182E-4 1.84691E-4 9.57111E-5 3.1032E-5 1.38699E-5 1.79266E-6 1.19968E-6 5.9949E-8 6.63416E-8 1.33641E-8 2.72565E-8 4.64073E-8 8.59617E-8 1.71827E-7 2.77255E-7 2.2128E-7 1.05658E-7 7.23972E-8 3.85519E-8 3.07101E-8 2.7426E-8 2.81767E-8 2.08668E-8 1.6573E-8 9.81615E-9 4.87787E-9
-9999 -9999 -9999 -9999 -9999 -9999 -9999 -9999 -9999 -9999 -9999 -9999 -9999 -9999 -9999 -9999 -9999 -9999 -9999 -9999 -9999 -9999 -9999 -9999 -9999 -9999 -9999 -9999 -9999 -9999 -9999 -9999 -9999 -9999 -9999 -9999 -9999 2.52678E-1 1.71008E-1 6.00285E-2 1.67874E-2 3.56369E-3 9.68677E-4 7.22502E-4 4.90391E-4 4.01261E-4 2.58618E-4 2.70562E-4 2.97667E-4 2.09435E-4 2.71576E-4 9.21865E-5 5.94559E-5 3.71861E-5 1.09358E-5 5.75915E-6 1.03738E-6 1.68794E-7 8.28396E-8 2.45628E-8 5.12666E-8 9.40242E-8 1.23298E-7 2.60725E-7 3.13513E-7 1.58573E-7 8.91125E-8 8.49789E-8 5.32845E-8 3.58819E-8 2.25297E-8 3.53493E-8 2.09948E-8 1.63572E-8 1.30246E-8 5.56507E-9
-9999 -9999 -9999 -9999 -9999 -9999 -9999 -9999 -9999 -9999 -9999 -9999 -9999 -9999 -9999 -9999 -9999 -9999 -9999 -9999 -9999 -9999 -9999 -9999 -9999 -9999 -9999 -9999 -9999 -9999 -9999 -9999 -9999 -9999 -9999 -9999 -9999 -9999 2.57382E-1 5.8003E-2 1.74192E-2 6.51945E-3 1.65736E-3 1.23811E-3 7.00064E-4 4.88791E-4 2.37683E-4 2.29771E-4 3.42965E-4 2.49708E-4 3.5952E-4 1.92871E-4 1.25799E-4 6.05463E-5 1.18737E-5 4.56841E-6 1.75304E-6 3.35808E-7 1.85918E-7 4.08722E-8 6.51632E-8 1.68787E-7 1.56547E-7 2.05163E-7 4.26508E-7 2.41337E-7 1.59673E-7 1.11326E-7 5.63134E-8 4.38907E-8 2.69311E-8 1.48019E-8 2.3089E-8 1.54524E-8 6.92453E-9 4.87384E-9
-9999 -9999 -9999 -9999 -9999 -9999 -9999 -9999 -9999 -9999 -9999 -9999 -9999 -9999 -9999 -9999 -9999 -9999 -9999 -9999 -9999 -9999 -9999 -9999 -9999 -9999 -9999 -9999 -9999 -9999 -9999 -9999 -9999 -9999 -9999 -9999 -9999 -9999 2.27273E-1 8.7077E-2 3.77109E-2 1.27836E-2 3.28977E-3 1.61947E-3 1.31872E-3 3.40572E-4 4.65951E-4 5.70264E-4 2.11324E-4 3.28721E-4 2.8808E-4 2.20606E-4 1.58771E-4 8.27421E-5 1.44987E-5 6.88888E-6 1.69793E-6 5.71566E-7 1.75283E-7 1.28082E-7 2.74505E-7 2.42214E-7 4.382E-7 2.80739E-7 4.0186E-7 2.87583E-7 3.41128E-7 1.43498E-7 1.03455E-7 6.38181E-8 4.07018E-8 1.28792E-8 1.87641E-8 1.53623E-8 6.75763E-9 2.50157E-9
-9999 -9999 -9999 -9999 -9999 -9999 -9999 -9999 -9999 -9999 -9999 -9999 -9999 -9999 -9999 -9999 -9999 -9999 -9999 -9999 -9999 -9999 -9999 -9999 -9999 -9999 -9999 -9999 -9999 -9999 -9999 -9999 -9999 -9999 -9999 -9999 -9999 -9999 2.22716E-1 1.26946E-1 3.4663E-2 9.7858E-3 3.79061E-3 1.7237E-3 9.22705E-4 9.33675E-4 5.78501E-4 4.23118E-4 1.93393E-4 2.6172E-4 3.72839E-4 2.36159E-4 1.60898E-4 9.33205E-5 2.17069E-5 9.69276E-6 2.69492E-6 1.04235E-6 7.75178E-7 1.30909E-7 3.42025E-7 2.80173E-7 2.7632E-7 5.13359E-7 5.29839E-7 4.97829E-7 2.32798E-7 1.85269E-7 1.12538E-7 6.0515E-8 2.87888E-8 1.55752E-8 1.36785E-8 1.1812E-8 4.38835E-9 2.77248E-9
-9999 -9999 -9999 -9999 -9999 -9999 -9999 -9999 -9999 -9999 -9999 -9999 -9999 -9999 -9999 -9999 -9999 -9999 -9999 -9999 -9999 -9999 -9999 -9999 -9999 -9999 -9999 -9999 -9999 -9999 -9999 -9999 -9999 -9999 -9999 -9999 -9999 -9999 1.87708E-1 2.73481E-1 4.63552E-2 1.61845E-2 4.42386E-3 2.28459E-3 1.02456E-3 1.75724E-3 9.28463E-4 4.41348E-4 2.54647E-4 2.0452E-4 4.63578E-4 1.93937E-4 1.02973E-4 9.82404E-5 2.06818E-5 6.36609E-6 2.9178E-6 1.45003E-6 8.89878E-7 2.1468E-7 2.09747E-7 2.79749E-7 3.68088E-7 4.84336E-7 1.06221E-6 7.78279E-7 3.5348E-7 1.3258E-7 1.74653E-7 1.00693E-7 2.66623E-8 1.50818E-8 9.42232E-9 8.60976E-9 5.74199E-9 1.83307E-9
-9999 -9999 -9999 -9999 -9999 -9999 -9999 -9999 -9999 -9999 -9999 -9999 -9999 -9999 -9999 -9999 -9999 -9999 -9999 -9999 -9999 -9999 -9999 -9999 -9999 -9999 -9999 -9999 -9999 -9999 -9999 -9999 -9999 -9999 -9999 -9999 -9999 -9999 -9999 7.526E-2 9.35701E-2 1.91334E-2 6.5517E-3 6.15642E-3 1.53955E-3 9.48783E-4 8.85427E-4 6.92901E-4 5.15634E-4 3.26538E-4 4.72368E-4 2.91052E-4 1.12958E-4 6.32613E-5 2.45136E-5 1.05435E-5 3.21089E-6 1.84443E-6 9.68412E-7 2.97828E-7 2.81624E-7 3.96382E-7 3.41884E-7 7.709E-7 8.06437E-7 1.10276E-6 3.70338E-7 1.34272E-7 1.40636E-7 7.84935E-8 2.72466E-8 1.72441E-8 1.33093E-8 7.12973E-9 4.893E-9 2.97619E-9
-9999 -9999 -9999 -9999 -9999 -9999 -9999 -9999 -9999 -9999 -9999 -9999 -9999 -9999 -9999 -9999 -9999 -9999 -9999 -9999 -9999 -9999 -9999 -9999 -9999 -9999 -9999 -9999 -9999 -9999 -9999 -9999 -9999 -9999 -9999 -9999 -9999 -9999 -9999 1.66637E-1 8.77352E-2 3.22939E-2 1.06527E-2 4.80079E-3 2.60159E-3 1.44155E-3 1.10829E-3 7.96872E-4 4.37758E-4 6.00973E-4 4.45165E-4 2.31141E-4 1.76942E-4 1.12672E-4 4.47731E-5 1.54281E-5 3.74021E-6 2.39582E-6 6.97813E-7 3.34945E-7 2.73503E-7 3.95935E-7 3.55047E-7 6.0092E-7 5.76133E-7 4.3232E-7 4.0608E-7 2.32743E-7 1.98324E-7 4.95047E-8 2.57476E-8 2.05945E-8 1.1183E-8 9.85938E-9 5.58175E-9 2.22303E-9
-9999 -9999 -9999 -9999 -9999 -9999 -9999 -9999 -9999 -9999 -9999 -9999 -9999 -9999 -9999 -9999 -9999 -9999 -9999 -9999 -9999 -9999 -9999 -9999 -9999 -9999 -9999 -9999 -9999 -9999 -9999 -9999 -9999 -9999 -9999 -9999 -9999 -9999 -9999 9.97606E-2 1.12517E-1 4.49756E-2 1.52139E-2 3.89846E-3 2.8061E-3 1.16473E-3 1.3512E-3 6.25259E-4 6.68774E-4 3.44638E-4 2.52069E-4 2.33266E-4 1.57719E-4 1.27847E-4 5.93005E-5 2.80206E-5 6.83258E-6 3.33412E-6 2.95828E-6 7.37745E-7 5.28768E-7 3.69496E-7 4.84192E-7 3.97822E-7 4.74771E-7 3.77258E-7 1.98372E-7 1.97026E-7 1.49896E-7 3.95406E-8 2.15773E-8 1.11478E-8 1.51467E-8 8.43172E-9 3.74018E-9 1.92442E-9
-9999 -9999 -9999 -9999 -9999 -9999 -9999 -9999 -9999 -9999 -9999 -9999 -9999 -9999 -9999 -9999 -9999 -9999 -9999 -9999 -9999 -9999 -9999 -9999 -9999 -9999 -9999 -9999 -9999 -9999 -9999 -9999 -9999 -9999 -9999 -9999 -9999 -9999 -9999 2.42153E-1 1.48879E-1 4.10583E-2 2.15098E-2 4.46782E-3 5.13623E-3 1.32345E-3 1.52519E-3 1.14627E-3 6.3601E-4 3.09566E-4 2.58284E-4 1.54754E-4 1.55863E-4 1.47713E-4 6.35563E-5 1.24678E-5 5.7693E-6 3.7075E-6 1.96578E-6 1.91173E-6 5.66498E-7 5.34178E-7 4.76658E-7 4.21421E-7 4.83583E-7 2.67661E-7 3.6293E-7 1.1395E-7 5.39272E-8 3.69202E-8 1.76664E-8 2.98066E-8 1.22341E-8 4.9856E-9 1.8674E-9 1.13343E-9
-9999 -9999 -9999 -9999 -9999 -9999 -9999 -9999 -9999 -9999 -9999 -9999 -9999 -9999 -9999 -9999 -9999 -9999 -9999 -9999 -9999 -9999 -9999 -9999 -9999 -9999 -9999 -9999 -9999 -9999 -9999 -9999 -9999 -9999 -9999 -9999 -9999 -9999 -9999 1.89416E-1 2.62276E-1 7.36738E-2 2.58234E-2 8.8538E-3 3.6934E-3 1.56352E-3 8.52896E-4 6.91891E-4 5.70426E-4 5.05192E-4 2.76233E-4 1.53921E-4 1.21416E-4 1.3676E-4 9.43341E-5 2.80259E-5 9.2852E-6 3.65999E-6 2.20377E-6 2.21628E-6 1.67714E-6 6.48705E-7 4.94045E-7 4.04709E-7 3.61746E-7 3.52337E-7 1.50681E-7 9.50785E-8 4.90963E-8 3.6269E-8 1.90112E-8 1.1164E-8 1.24216E-8 4.0942E-9 1.93288E-9 1.10301E-9
-9999 -9999 -9999 -9999 -9999 -9999 -9999 -9999 -9999 -9999 -9999 -9999 -9999 -9999 -9999 -9999 -9999 -9999 -9999 -9999 -9999 -9999 -9999 -9999 -9999 -9999 -9999 -9999 -9999 -9999 -9999 -9999 -9999 -9999 -9999 -9999 -9999 -9999 -9999 -9999 1.37322E-1 9.311E-2 2.88964E-2 1.43869E-2 3.46411E-3 2.02677E-3 8.13788E-4 7.92857E-4 6.67068E-4 3.67199E-4 3.94161E-4 3.10378E-4 1.38154E-4 1.1789E-4 1.30385E-4 5.41658E-5 1.27066E-5 6.26896E-6 2.1847E-6 7.52592E-7 2.19514E-6 1.0565E-6 6.17081E-7 4.05821E-7 3.53108E-7 2.56864E-7 1.5995E-7 1.46655E-7 8.76831E-8 3.60609E-8 1.98146E-8 2.30521E-8 1.30085E-8 5.95627E-9 2.58269E-9 2.07161E-9
-9999 -9999 -9999 -9999 -9999 -9999 -9999 -9999 -9999 -9999 -9999 -9999 -9999 -9999 -9999 -9999 -9999 -9999 -9999 -9999 -9999 -9999 -9999 -9999 -9999 -9999 -9999 -9999 -9999 -9999 -9999 -9999 -9999 -9999 -9999 -9999 -9999 -9999 -9999 -9999 1.25799E-1 7.27417E-2 5.2022E-2 1.90033E-2 7.68613E-3 3.02646E-3 9.86534E-4 5.68658E-4 5.36642E-4 7.69695E-4 5.73824E-4 3.06754E-4 3.15589E-4 4.14965E-4 1.48687E-4 3.58357E-5 1.56614E-5 5.28711E-6 2.62227E-6 1.32559E-6 1.81312E-6 1.17135E-6 5.98055E-7 4.46487E-7 4.04763E-7 1.81307E-7 1.06569E-7 8.31974E-8 6.28195E-8 3.02191E-8 1.60974E-8 2.31752E-8 1.21159E-8 7.1218E-9 3.21031E-9 2.59365E-9
-9999 -9999 -9999 -9999 -9999 -9999 -9999 -9999 -9999 -9999 -9999 -9999 -9999 -9999 -9999 -9999 -9999 -9999 -9999 -9999 -9999 -9999 -9999 -9999 -9999 -9999 -9999 -9999 -9999 -9999 -9999 -9999 -9999 -9999 -9999 -9999 -9999 -9999 -9999 -9999 2.40897E-1 8.6066E-2 9.19505E-2 3.60369E-2 7.02503E-3 3.45478E-3 2.43425E-3 7.80112E-4 1.392E-3 8.03832E-4 9.17358E-4 5.59057E-4 4.14365E-4 3.41463E-4 4.7961E-4 1.06428E-4 2.37414E-5 8.77895E-6 2.31803E-6 1.18197E-6 8.36296E-7 1.36579E-6 7.71439E-7 3.07836E-7 2.47839E-7 1.70024E-7 9.83278E-8 6.96221E-8 1.2461E-7 3.66885E-8 1.82331E-8 2.26358E-8 9.38775E-9 6.43893E-9 2.82129E-9 3.02442E-9
-9999 -9999 -9999 -9999 -9999 -9999 -9999 -9999 -9999 -9999 -9999 -9999 -9999 -9999 -9999 -9999 -9999 -9999 -9999 -9999 -9999 -9999 -9999 -9999 -9999 -9999 -9999 -9999 -9999 -9999 -9999 -9999 -9999 -9999 -9999 -9999 -9999 -9999 -9999 -9999 -9999 2.02557E-2 -9999 1.52885E-1 4.69669E-2 1.28343E-2 3.61653E-3 1.87605E-3 1.13608E-3 7.33776E-4 9.37015E-4 1.10081E-3 2.87187E-4 2.32746E-4 2.75887E-4 9.36033E-5 5.22207E-5 8.49477E-6 3.22709E-6 1.32663E-6 9.72517E-7 1.45588E-6 4.74424E-7 3.66076E-7 2.11601E-7 1.39527E-7 9.81941E-8 6.6586E-8 5.9978E-8 2.7619E-8 1.88072E-8 3.20053E-8 9.16956E-9 3.35648E-9 2.92792E-9 2.71179E-9
-9999 -9999 -9999 -9999 -9999 -9999 -9999 -9999 -9999 -9999 -9999 -9999 -9999 -9999 -9999 -9999 -9999 -9999 -9999 -9999 -9999 -9999 -9999 -9999 -9999 -9999 -9999 -9999 -9999 -9999 -9999 -9999 -9999 -9999 -9999 -9999 -9999 -9999 -9999 -9999 -9999 -9999 -9999 6.8871E-2 2.13137E-1 9.10249E-2 1.77119E-2 2.7518E-3 1.28213E-3 4.9089E-4 5.17092E-4 9.91876E-4 6.56246E-4 3.53264E-4 2.3043E-4 8.97997E-5 3.34621E-5 1.21826E-5 3.03514E-6 1.82503E-6 2.56108E-6 1.51914E-6 7.15181E-7 2.84992E-7 1.92719E-7 1.25312E-7 8.93071E-8 8.29127E-8 5.10851E-8 3.89679E-8 2.13665E-8 2.79995E-8 8.32151E-9 4.6495E-9 3.9326E-9 2.93756E-9
-9999 -9999 -9999 -9999 -9999 -9999 -9999 -9999 -9999 -9999 -9999 -9999 -9999 -9999 -9999 -9999 -9999 -9999 -9999 -9999 -9999 -9999 -9999 -9999 -9999 -9999 -9999 -9999 -9999 -9999 -9999 -9999 -9999 -9999 -9999 -9999 -9999 -9999 -9999 -9999 -9999 -9999 -9999 1.32614E-1 1.92371E-1 1.24097E-1 4.55124E-2 1.18555E-2 3.22845E-3 1.10002E-3 1.1036E-3 4.34623E-4 5.35288E-4 4.58549E-4 3.80423E-4 1.7713E-4 4.45024E-5 1.55143E-5 3.96328E-6 4.91442E-6 2.9594E-6 7.86218E-7 7.42255E-7 3.65592E-7 2.30555E-7 1.6077E-7 1.18991E-7 9.44217E-8 6.49418E-8 4.32613E-8 1.85486E-8 1.68099E-8 6.61562E-9 4.17566E-9 4.13065E-9 2.47465E-9
-9999 -9999 -9999 -9999 -9999 -9999 -9999 -9999 -9999 -9999 -9999 -9999 -9999 -9999 -9999 -9999 -9999 -9999 -9999 -9999 -9999 -9999 -9999 -9999 -9999 -9999 -9999 -9999 -9999 -9999 -9999 -9999 -9999 -9999 -9999 -9999 -9999 -9999 -9999 -9999 -9999 -9999 -9999 3.63429E-2 2.2889E-1 1.35764E-1 9.69788E-2 2.06649E-2 7.16811E-3 1.52248E-3 7.28775E-4 5.09425E-4 2.83773E-4 4.19911E-4 2.91685E-4 3.11757E-4 5.16593E-5 1.86595E-5 6.32394E-6 3.61034E-6 4.11514E-6 2.15575E-6 9.10695E-7 4.93984E-7 3.12779E-7 1.88522E-7 1.01729E-7 1.05613E-7 7.44661E-8 3.53884E-8 2.10177E-8 2.51894E-8 6.79873E-9 3.43725E-9 3.29462E-9 2.01597E-9
