data/processed/Maxent_results1/MaxEnt_Output_betamultiplier_3_includesrepeatingpoints/religiosa_3.asc
ncols         804
nrows         479
xllcorner     -160.716666666667
yllcorner     18.575
cellsize      0.008333333333
NODATA_value  -9999
[rows 340 to 373 of 479, columns 532 to 607 of 804]
-9999 -9999 -9999 -9999 -9999 -9999 -9999 -9999 -9999 -9999 -9999 -9999 -9999 -9999 -9999 -9999 -9999 -9999 -9999 -9999 -9999 -9999 -9999 -9999 -9999 -9999 -9999 4.33709E-1 6.48873E-1 2.20251E-1 3.06219E-2 3.18597E-2 2.01775E-3 1.00916E-3 7.81702E-4 3.4083E-4 9.55267E-5 1.10889E-4 7.05245E-5 2.33162E-4 1.35656E-4 1.69468E-4 1.46E-4 1.20054E-4 1.09498E-4 3.70087E-5 4.24102E-5 4.68407E-5 1.56135E-4 5.58037E-5 1.62903E-5 1.7801E-5 1.13577E-5 4.42163E-6 1.81619E-6 1.59043E-6 1.30517E-6 6.38954E-7 4.77559E-7 1.47474E-7 1.45576E-7 1.02586E-7 1.03703E-7 2.10708E-7 1.09393E-7 6.52828E-8 1.37708E-7 7.50352E-8 2.00672E-7 2.23692E-7 2.47078E-7 9.81996E-8 8.63057E-8 4.73391E-8 3.96345E-8 2.14423E-8
-9999 -9999 -9999 -9999 -9999 -9999 -9999 -9999 -9999 -9999 -9999 -9999 -9999 -9999 -9999 -9999 -9999 -9999 -9999 -9999 -9999 -9999 -9999 -9999 -9999 -9999 -9999 1.64549E-1 5.28998E-1 2.29829E-1 1.10955E-1 1.34303E-2 2.46294E-3 1.93469E-3 1.10014E-3 3.22535E-4 1.12165E-4 1.02892E-4 5.8793E-5 2.00594E-4 1.37753E-4 2.44924E-4 1.46382E-4 6.7512E-5 8.75943E-5 5.6428E-5 6.61532E-5 1.06909E-4 9.35316E-5 6.84831E-5 4.27729E-5 2.54603E-5 9.21691E-6 4.15472E-6 1.27551E-6 7.73126E-7 4.89392E-7 1.9913E-7 1.13954E-7 7.60325E-8 7.56505E-8 7.85397E-8 2.39662E-8 2.65223E-8 1.59033E-8 3.00917E-8 4.1444E-8 8.2904E-8 1.06047E-7 9.17827E-8 1.13168E-7 5.36526E-8 3.00556E-8 2.31862E-8 2.67103E-8 1.05082E-8
-9999 -9999 -9999 -9999 -9999 -9999 -9999 -9999 -9999 -9999 -9999 -9999 -9999 -9999 -9999 -9999 -9999 -9999 -9999 -9999 -9999 -9999 -9999 -9999 -9999 -9999 -9999 -9999 3.83901E-1 5.2078E-1 8.08997E-2 1.73302E-2 4.25709E-3 2.59298E-3 1.10429E-3 5.31894E-4 2.58544E-4 1.57289E-4 3.61473E-5 1.79298E-4 1.82898E-4 1.41261E-4 1.96351E-4 8.40582E-5 1.33745E-4 6.3466E-5 3.45822E-5 4.3932E-5 4.16549E-5 3.66977E-5 5.19206E-5 1.51382E-5 3.74732E-6 9.48537E-7 5.55503E-7 2.55906E-7 2.43551E-7 1.49711E-7 8.42799E-8 4.3134E-8 3.60994E-8 1.70217E-8 2.34619E-8 5.89535E-9 5.35544E-9 1.36417E-8 2.23212E-8 2.15657E-8 2.90076E-8 5.93766E-8 3.99867E-8 3.5494E-8 1.64651E-8 1.63851E-8 2.15135E-8 5.30596E-9
-9999 -9999 -9999 -9999 -9999 -9999 -9999 -9999 -9999 -9999 -9999 -9999 -9999 -9999 -9999 -9999 -9999 -9999 -9999 -9999 -9999 -9999 -9999 -9999 -9999 -9999 -9999 -9999 2.05984E-1 5.57364E-1 2.51354E-1 5.20715E-2 1.36602E-2 3.65872E-3 2.42335E-3 7.2737E-4 1.70034E-4 8.38454E-5 1.23009E-4 1.27893E-4 8.29061E-5 1.10356E-4 1.19963E-4 2.1894E-4 1.93282E-4 5.69647E-5 6.07399E-5 7.45236E-5 6.14293E-5 9.98431E-5 5.00052E-5 2.25894E-5 5.25327E-6 8.83168E-7 2.84802E-7 3.03518E-7 9.19618E-8 5.60368E-8 5.89158E-8 9.37341E-9 2.93929E-9 2.77166E-9 2.24049E-9 3.12792E-9 2.22712E-9 5.55837E-9 1.29479E-8 1.02794E-8 2.24605E-8 3.28214E-8 3.35937E-8 2.35209E-8 7.38724E-9 5.52621E-9 7.92082E-9 4.4543E-9
-9999 -9999 -9999 -9999 -9999 -9999 -9999 -9999 -9999 -9999 -9999 -9999 -9999 -9999 -9999 -9999 -9999 -9999 -9999 -9999 -9999 -9999 -9999 -9999 -9999 -9999 -9999 -9999 6.44033E-2 3.18256E-1 7.47477E-1 1.07685E-1 1.70915E-2 9.68417E-3 4.45176E-3 1.20994E-3 5.64101E-4 1.66865E-4 4.86501E-5 1.66982E-4 9.97925E-5 6.16771E-5 7.07341E-5 6.51964E-5 9.04773E-5 4.18261E-5 5.20259E-5 1.28273E-4 8.36796E-5 4.35225E-5 5.37359E-5 2.2045E-5 2.77449E-6 9.5114E-7 4.36204E-7 2.65696E-7 1.24622E-7 3.29402E-8 1.47888E-8 4.78902E-10 8.26569E-10 1.40188E-9 1.28542E-9 9.82499E-10 1.49647E-9 3.50893E-9 2.46563E-9 7.06981E-9 1.6385E-8 9.99156E-9 1.19091E-8 7.63631E-9 9.38585E-9 3.31229E-9 2.57354E-9 1.59051E-9
-9999 -9999 -9999 -9999 -9999 -9999 -9999 -9999 -9999 -9999 -9999 -9999 -9999 -9999 -9999 -9999 -9999 -9999 -9999 -9999 -9999 -9999 -9999 -9999 -9999 -9999 -9999 -9999 -9999 -9999 3.61557E-1 1.67773E-1 3.17233E-2 1.4462E-2 4.18721E-3 2.64788E-3 4.46232E-4 2.19659E-4 7.50024E-5 1.80865E-4 8.86278E-5 8.16917E-5 5.87526E-5 4.81119E-5 6.69196E-5 8.6424E-5 7.18361E-5 4.40944E-5 5.54241E-5 5.40149E-5 4.71586E-5 5.87619E-5 1.09386E-5 1.40289E-6 2.81522E-7 2.35989E-7 7.67262E-8 6.77048E-8 2.99517E-9 5.29315E-10 4.43836E-10 1.0561E-9 7.68232E-10 1.30985E-9 9.51594E-10 2.53345E-9 2.73377E-9 5.54282E-9 6.31302E-9 1.09517E-8 1.59349E-8 1.50172E-8 9.68446E-9 6.18971E-9 3.49142E-9 2.44889E-9
-9999 -9999 -9999 -9999 -9999 -9999 -9999 -9999 -9999 -9999 -9999 -9999 -9999 -9999 -9999 -9999 -9999 -9999 -9999 -9999 -9999 -9999 -9999 -9999 -9999 -9999 -9999 -9999 -9999 -9999 1.12967E-1 4.62043E-1 5.58725E-2 1.12471E-2 4.52006E-3 1.93005E-3 7.85377E-4 1.80429E-4 1.29376E-4 9.1662E-5 1.16933E-4 1.25912E-4 6.2626E-5 7.568E-5 5.15861E-5 7.32351E-5 9.7198E-5 4.27558E-5 5.07825E-5 4.32073E-5 1.18988E-4 4.48808E-5 3.32961E-6 1.36029E-6 4.71882E-7 1.63655E-7 1.42542E-7 3.69299E-8 3.83232E-9 2.83151E-10 3.26008E-10 7.42543E-10 8.79634E-10 2.28813E-10 2.82779E-10 9.69739E-10 3.89063E-9 4.9646E-9 6.58556E-9 1.33231E-8 1.53043E-8 1.28244E-8 1.25789E-8 1.00606E-8 2.59929E-9 1.74131E-9
-9999 -9999 -9999 -9999 -9999 -9999 -9999 -9999 -9999 -9999 -9999 -9999 -9999 -9999 -9999 -9999 -9999 -9999 -9999 -9999 -9999 -9999 -9999 -9999 -9999 -9999 -9999 -9999 -9999 -9999 -9999 9.53135E-2 1.26235E-1 2.05688E-2 3.86865E-3 2.68039E-3 1.18221E-3 8.45913E-4 6.31448E-4 1.17883E-4 6.44535E-5 1.37182E-4 1.59338E-4 7.19641E-5 6.56924E-5 5.93433E-5 1.18422E-4 1.2586E-4 4.91222E-5 1.04954E-4 3.13072E-5 1.95906E-5 6.41363E-6 9.85705E-7 4.72656E-7 2.92597E-7 1.00585E-7 2.62697E-8 1.93749E-9 3.28098E-10 4.88637E-10 5.71972E-10 6.22132E-10 5.89347E-10 6.03621E-10 1.58196E-9 6.44888E-9 1.32004E-8 8.39558E-9 1.53907E-8 1.89644E-8 1.19121E-8 1.25848E-8 9.31072E-9 5.58338E-9 2.81401E-9
-9999 -9999 -9999 -9999 -9999 -9999 -9999 -9999 -9999 -9999 -9999 -9999 -9999 -9999 -9999 -9999 -9999 -9999 -9999 -9999 -9999 -9999 -9999 -9999 -9999 -9999 -9999 -9999 -9999 -9999 1.46434E-1 3.03677E-1 8.9474E-2 2.93962E-2 6.5791E-3 2.83168E-3 2.57095E-3 7.89935E-4 2.42124E-4 2.29136E-4 1.45491E-4 7.54181E-5 1.41309E-4 9.75094E-5 5.20855E-5 6.99802E-5 8.69325E-5 1.0524E-4 1.15765E-4 1.12109E-4 1.5697E-5 5.42508E-6 4.43301E-6 1.89041E-6 9.46113E-7 1.62552E-7 1.52465E-7 3.86606E-8 1.08038E-9 1.78142E-10 2.97328E-10 2.73289E-10 4.30341E-10 5.17223E-10 6.24511E-10 1.14751E-9 3.60761E-9 5.12867E-9 2.12449E-8 3.119E-8 3.6957E-8 2.13164E-8 1.58782E-8 1.10146E-8 7.30975E-9 3.85098E-9
-9999 -9999 -9999 -9999 -9999 -9999 -9999 -9999 -9999 -9999 -9999 -9999 -9999 -9999 -9999 -9999 -9999 -9999 -9999 -9999 -9999 -9999 -9999 -9999 -9999 -9999 -9999 -9999 -9999 -9999 1.69027E-1 2.68218E-1 1.6333E-1 4.66751E-2 1.19983E-2 5.19356E-3 2.82267E-3 2.02988E-3 5.54465E-4 2.07987E-4 2.04869E-4 8.13316E-5 7.25221E-5 1.5979E-4 9.0246E-5 7.5518E-5 7.52978E-5 1.30229E-4 4.34865E-5 4.97197E-5 4.26648E-5 8.6211E-6 4.47731E-6 2.53584E-6 1.57016E-6 2.8646E-7 7.00406E-8 1.35933E-8 7.69398E-10 1.17942E-10 1.7991E-10 1.33391E-10 3.34719E-10 5.36679E-10 5.98885E-10 1.14203E-9 3.24876E-9 1.46309E-8 3.41831E-8 3.55556E-8 5.41387E-8 4.23221E-8 2.3858E-8 1.71585E-8 1.07965E-8 5.40809E-9
-9999 -9999 -9999 -9999 -9999 -9999 -9999 -9999 -9999 -9999 -9999 -9999 -9999 -9999 -9999 -9999 -9999 -9999 -9999 -9999 -9999 -9999 -9999 -9999 -9999 -9999 -9999 -9999 -9999 -9999 -9999 -9999 1.1572E-2 4.72254E-2 3.21072E-2 1.30358E-2 6.46079E-3 2.60202E-3 3.60379E-3 3.31365E-4 1.55683E-4 1.80269E-4 7.89604E-5 8.72738E-5 2.00806E-4 2.00076E-4 3.55255E-5 7.67211E-5 4.67121E-5 2.59408E-5 2.35307E-5 5.77528E-6 7.76567E-6 4.04473E-6 8.11268E-7 2.62113E-7 1.2062E-7 2.25706E-8 8.2078E-10 1.30848E-10 2.48331E-10 1.31368E-10 4.62119E-10 3.08661E-10 8.1844E-10 1.01763E-9 4.94343E-9 4.76042E-9 3.26142E-8 5.95603E-8 5.06616E-8 3.57464E-8 3.06535E-8 1.52242E-8 1.18538E-8 4.5946E-9
-9999 -9999 -9999 -9999 -9999 -9999 -9999 -9999 -9999 -9999 -9999 -9999 -9999 -9999 -9999 -9999 -9999 -9999 -9999 -9999 -9999 -9999 -9999 -9999 -9999 -9999 -9999 -9999 -9999 -9999 -9999 -9999 -9999 -9999 -9999 4.92013E-2 1.01685E-2 7.87839E-3 5.60896E-3 2.06777E-3 6.19757E-4 1.05193E-4 1.24029E-4 8.63414E-5 5.90436E-5 1.15164E-4 5.15569E-5 1.32408E-4 1.28606E-4 4.18753E-5 1.90515E-5 1.80981E-5 7.02872E-6 4.22098E-6 1.32206E-6 6.87469E-7 2.4542E-7 3.1324E-8 2.54692E-9 3.3887E-10 3.05819E-10 3.65282E-10 6.57674E-10 1.7083E-9 1.63026E-9 2.9322E-9 7.91339E-9 2.2622E-8 2.69501E-8 2.59341E-8 2.49082E-8 1.6973E-8 1.62904E-8 8.45045E-9 5.98839E-9 3.52022E-9
-9999 -9999 -9999 -9999 -9999 -9999 -9999 -9999 -9999 -9999 -9999 -9999 -9999 -9999 -9999 -9999 -9999 -9999 -9999 -9999 -9999 -9999 -9999 -9999 -9999 -9999 -9999 -9999 -9999 -9999 -9999 -9999 -9999 -9999 -9999 1.46705E-1 3.24113E-2 2.51884E-2 9.71366E-3 1.74967E-3 8.77943E-4 4.05037E-4 1.95026E-4 1.64535E-4 9.73504E-5 8.73267E-5 1.0066E-4 1.29728E-4 3.3324E-4 6.28077E-5 3.2088E-5 2.37265E-5 1.03951E-5 4.8406E-6 2.53545E-6 3.9473E-7 1.2263E-7 2.77242E-8 1.91119E-9 2.99584E-10 6.24097E-10 1.1375E-9 1.67613E-9 3.45561E-9 6.04516E-9 8.61898E-9 1.07278E-8 1.67501E-8 2.44672E-8 3.25481E-8 3.00285E-8 1.4803E-8 1.17953E-8 6.38415E-9 6.8874E-9 3.78253E-9
-9999 -9999 -9999 -9999 -9999 -9999 -9999 -9999 -9999 -9999 -9999 -9999 -9999 -9999 -9999 -9999 -9999 -9999 -9999 -9999 -9999 -9999 -9999 -9999 -9999 -9999 -9999 -9999 -9999 -9999 -9999 -9999 -9999 -9999 -9999 -9999 5.06948E-2 2.97635E-2 1.38955E-2 3.49522E-3 2.22017E-3 5.90067E-4 2.24544E-4 1.56278E-4 1.11628E-4 1.87805E-4 1.83014E-4 5.36594E-4 2.43022E-4 1.06788E-4 7.52755E-5 3.03925E-5 1.76898E-5 9.37838E-6 2.12603E-6 1.3202E-6 1.40656E-7 7.34528E-8 4.10824E-9 4.24152E-10 6.88422E-10 3.30128E-9 3.77663E-9 7.65873E-9 1.95273E-8 1.34147E-8 1.39161E-8 2.43513E-8 2.10945E-8 1.45856E-8 3.1272E-8 2.28296E-8 1.28524E-8 8.49758E-9 5.34251E-9 4.40699E-9
-9999 -9999 -9999 -9999 -9999 -9999 -9999 -9999 -9999 -9999 -9999 -9999 -9999 -9999 -9999 -9999 -9999 -9999 -9999 -9999 -9999 -9999 -9999 -9999 -9999 -9999 -9999 -9999 -9999 -9999 -9999 -9999 -9999 -9999 -9999 -9999 2.74729E-1 9.58514E-2 4.37773E-2 1.34832E-2 2.63436E-3 2.14162E-3 3.58978E-4 2.28468E-4 3.79063E-4 3.81432E-4 3.67613E-4 6.22884E-4 3.81463E-4 8.09331E-5 8.62931E-5 4.2481E-5 3.74976E-5 1.85848E-5 3.35968E-6 1.27833E-6 1.57514E-7 6.25617E-8 7.30591E-9 1.57102E-9 2.0096E-9 1.18848E-8 8.35105E-9 2.64183E-8 6.97469E-8 3.78409E-8 3.19069E-8 2.96566E-8 1.39975E-8 9.95472E-9 9.85912E-9 1.18041E-8 1.6829E-8 7.63406E-9 5.39213E-9 5.02103E-9
-9999 -9999 -9999 -9999 -9999 -9999 -9999 -9999 -9999 -9999 -9999 -9999 -9999 -9999 -9999 -9999 -9999 -9999 -9999 -9999 -9999 -9999 -9999 -9999 -9999 -9999 -9999 -9999 -9999 -9999 -9999 -9999 -9999 -9999 -9999 -9999 -9999 1.35819E-1 7.1619E-2 2.35516E-2 5.54626E-3 1.8043E-3 1.09351E-3 3.33743E-4 4.24556E-4 4.32869E-4 3.38123E-4 2.67264E-4 3.9541E-4 1.5986E-4 1.07652E-4 1.53891E-4 9.11882E-5 4.08502E-5 8.65687E-6 1.52519E-6 8.34181E-7 4.71638E-8 1.72446E-8 4.75296E-9 9.73407E-9 1.55027E-8 4.3035E-8 4.49184E-8 1.08942E-7 8.86998E-8 4.55932E-8 3.04862E-8 1.6954E-8 8.90333E-9 8.30131E-9 1.62902E-8 1.21461E-8 7.31998E-9 4.88467E-9 3.74246E-9
-9999 -9999 -9999 -9999 -9999 -9999 -9999 -9999 -9999 -9999 -9999 -9999 -9999 -9999 -9999 -9999 -9999 -9999 -9999 -9999 -9999 -9999 -9999 -9999 -9999 -9999 -9999 -9999 -9999 -9999 -9999 -9999 -9999 -9999 -9999 -9999 -9999 1.37227E-1 7.20166E-2 2.9949E-2 1.02423E-2 1.57368E-3 1.44919E-3 3.19791E-4 4.82431E-4 7.76795E-4 2.83848E-4 2.34847E-4 2.65359E-4 1.33731E-4 1.88182E-4 1.84691E-4 7.79597E-5 2.34319E-5 1.02831E-5 1.15168E-6 7.0717E-7 2.96018E-8 3.17717E-8 5.83173E-9 1.23065E-8 2.10063E-8 3.94705E-8 8.0239E-8 1.26554E-7 1.03149E-7 4.68814E-8 3.20923E-8 1.51713E-8 1.28473E-8 1.23084E-8 1.33141E-8 9.91201E-9 7.96312E-9 4.67349E-9 2.24402E-9
-9999 -9999 -9999 -9999 -9999 -9999 -9999 -9999 -9999 -9999 -9999 -9999 -9999 -9999 -9999 -9999 -9999 -9999 -9999 -9999 -9999 -9999 -9999 -9999 -9999 -9999 -9999 -9999 -9999 -9999 -9999 -9999 -9999 -9999 -9999 -9999 -9999 1.5154E-1 1.00463E-1 3.99292E-2 1.40504E-2 2.98379E-3 8.75065E-4 7.22502E-4 4.39377E-4 3.29056E-4 2.00872E-4 2.3126E-4 2.33435E-4 1.95988E-4 2.71576E-4 8.31026E-5 4.46923E-5 2.83426E-5 7.58164E-6 3.95002E-6 5.98548E-7 7.84327E-8 3.94731E-8 1.11044E-8 2.43093E-8 4.70691E-8 6.18491E-8 1.37237E-7 1.53867E-7 7.58232E-8 3.96192E-8 3.83191E-8 2.18962E-8 1.33686E-8 8.13447E-9 1.61999E-8 1.01186E-8 7.42547E-9 5.82456E-9 2.62952E-9
-9999 -9999 -9999 -9999 -9999 -9999 -9999 -9999 -9999 -9999 -9999 -9999 -9999 -9999 -9999 -9999 -9999 -9999 -9999 -9999 -9999 -9999 -9999 -9999 -9999 -9999 -9999 -9999 -9999 -9999 -9999 -9999 -9999 -9999 -9999 -9999 -9999 -9999 1.55299E-1 3.91692E-2 1.12234E-2 5.90601E-3 1.65736E-3 1.23336E-3 6.53533E-4 4.13044E-4 2.11319E-4 2.03304E-4 3.11711E-4 2.39737E-4 3.5952E-4 1.92871E-4 1.15495E-4 4.98084E-5 8.67664E-6 2.91385E-6 9.36268E-7 1.66901E-7 9.75071E-8 1.95314E-8 3.19388E-8 8.39979E-8 7.62368E-8 9.92927E-8 2.16214E-7 1.23069E-7 7.34852E-8 5.17932E-8 2.19876E-8 1.65082E-8 9.92322E-9 5.44619E-9 1.05504E-8 6.92039E-9 3.17404E-9 2.19607E-9
-9999 -9999 -9999 -9999 -9999 -9999 -9999 -9999 -9999 -9999 -9999 -9999 -9999 -9999 -9999 -9999 -9999 -9999 -9999 -9999 -9999 -9999 -9999 -9999 -9999 -9999 -9999 -9999 -9999 -9999 -9999 -9999 -9999 -9999 -9999 -9999 -9999 -9999 1.25692E-1 5.19823E-2 2.74186E-2 1.23624E-2 3.20229E-3 1.61947E-3 1.23377E-3 3.35074E-4 3.99113E-4 4.78851E-4 1.8048E-4 3.28094E-4 2.8808E-4 2.20606E-4 1.58771E-4 7.45163E-5 1.03231E-5 5.39129E-6 1.26224E-6 3.34502E-7 9.02008E-8 6.93504E-8 1.48342E-7 1.2548E-7 2.3645E-7 1.38149E-7 2.04118E-7 1.41421E-7 1.62193E-7 6.43385E-8 4.97056E-8 2.86455E-8 1.7231E-8 4.38261E-9 8.04691E-9 6.78095E-9 3.01879E-9 1.10892E-9
-9999 -9999 -9999 -9999 -9999 -9999 -9999 -9999 -9999 -9999 -9999 -9999 -9999 -9999 -9999 -9999 -9999 -9999 -9999 -9999 -9999 -9999 -9999 -9999 -9999 -9999 -9999 -9999 -9999 -9999 -9999 -9999 -9999 -9999 -9999 -9999 -9999 -9999 1.232E-1 7.57582E-2 2.29606E-2 7.04777E-3 3.2895E-3 1.7237E-3 7.64423E-4 9.33675E-4 4.96972E-4 3.39805E-4 1.69401E-4 2.46555E-4 3.72839E-4 2.36159E-4 1.58004E-4 8.69272E-5 1.70541E-5 7.98952E-6 1.73234E-6 7.42098E-7 4.47661E-7 6.6442E-8 1.91828E-7 1.48439E-7 1.43536E-7 2.66535E-7 2.82233E-7 2.6609E-7 1.01033E-7 7.68462E-8 4.99587E-8 2.47367E-8 1.05237E-8 5.43461E-9 5.52207E-9 4.92112E-9 1.89649E-9 1.10967E-9
-9999 -9999 -9999 -9999 -9999 -9999 -9999 -9999 -9999 -9999 -9999 -9999 -9999 -9999 -9999 -9999 -9999 -9999 -9999 -9999 -9999 -9999 -9999 -9999 -9999 -9999 -9999 -9999 -9999 -9999 -9999 -9999 -9999 -9999 -9999 -9999 -9999 -9999 1.32697E-1 1.48481E-1 2.73004E-2 1.12402E-2 3.56983E-3 1.95954E-3 1.00623E-3 1.51721E-3 9.25909E-4 3.75888E-4 2.17177E-4 1.95972E-4 4.63578E-4 1.80028E-4 9.97635E-5 8.98132E-5 1.51345E-5 4.3924E-6 2.19674E-6 8.10034E-7 5.65475E-7 1.11068E-7 1.11209E-7 1.5139E-7 1.9415E-7 2.53932E-7 5.83249E-7 4.02733E-7 1.69078E-7 5.48383E-8 7.69048E-8 4.85489E-8 9.89514E-9 5.31545E-9 3.22038E-9 3.39511E-9 2.5075E-9 7.43107E-10
-9999 -9999 -9999 -9999 -9999 -9999 -9999 -9999 -9999 -9999 -9999 -9999 -9999 -9999 -9999 -9999 -9999 -9999 -9999 -9999 -9999 -9999 -9999 -9999 -9999 -9999 -9999 -9999 -9999 -9999 -9999 -9999 -9999 -9999 -9999 -9999 -9999 -9999 -9999 4.04075E-2 4.67727E-2 1.36045E-2 5.24044E-3 5.72917E-3 1.36617E-3 9.4461E-4 8.85427E-4 6.92901E-4 4.65411E-4 3.20147E-4 4.72368E-4 2.91052E-4 1.09324E-4 6.11305E-5 1.89901E-5 7.6674E-6 2.17268E-6 1.21598E-6 6.60052E-7 1.39385E-7 1.47417E-7 2.1294E-7 1.78063E-7 3.97426E-7 4.19951E-7 5.87526E-7 1.80848E-7 5.614E-8 5.94019E-8 3.81741E-8 1.00279E-8 6.66477E-9 5.12377E-9 2.77192E-9 2.18873E-9 1.2867E-9
-9999 -9999 -9999 -9999 -9999 -9999 -9999 -9999 -9999 -9999 -9999 -9999 -9999 -9999 -9999 -9999 -9999 -9999 -9999 -9999 -9999 -9999 -9999 -9999 -9999 -9999 -9999 -9999 -9999 -9999 -9999 -9999 -9999 -9999 -9999 -9999 -9999 -9999 -9999 9.50954E-2 4.32733E-2 1.74914E-2 7.91467E-3 4.14425E-3 2.50866E-3 1.31802E-3 1.10829E-3 7.96872E-4 4.00475E-4 5.9197E-4 4.11953E-4 2.31141E-4 1.5855E-4 9.13568E-5 3.96067E-5 1.24457E-5 2.51949E-6 1.55801E-6 3.82101E-7 1.81889E-7 1.47678E-7 2.11651E-7 1.82898E-7 3.18321E-7 3.01769E-7 2.20751E-7 1.97862E-7 1.06672E-7 9.19763E-8 2.0888E-8 9.6438E-9 8.0045E-9 4.92027E-9 4.77391E-9 2.60147E-9 8.80187E-10
-9999 -9999 -9999 -9999 -9999 -9999 -9999 -9999 -9999 -9999 -9999 -9999 -9999 -9999 -9999 -9999 -9999 -9999 -9999 -9999 -9999 -9999 -9999 -9999 -9999 -9999 -9999 -9999 -9999 -9999 -9999 -9999 -9999 -9999 -9999 -9999 -9999 -9999 -9999 5.4921E-2 6.75645E-2 2.95109E-2 1.22134E-2 2.98646E-3 2.16635E-3 1.11195E-3 1.3512E-3 6.25259E-4 6.44153E-4 3.37691E-4 2.45283E-4 2.33266E-4 1.49598E-4 1.09726E-4 5.55143E-5 2.39093E-5 4.93951E-6 2.52851E-6 1.93222E-6 4.01485E-7 2.87436E-7 2.01821E-7 2.58141E-7 2.06801E-7 2.47983E-7 1.90028E-7 9.67049E-8 8.89808E-8 6.90257E-8 1.67022E-8 7.81847E-9 4.0426E-9 7.06342E-9 3.88537E-9 1.71401E-9 8.76401E-10
-9999 -9999 -9999 -9999 -9999 -9999 -9999 -9999 -9999 -9999 -9999 -9999 -9999 -9999 -9999 -9999 -9999 -9999 -9999 -9999 -9999 -9999 -9999 -9999 -9999 -9999 -9999 -9999 -9999 -9999 -9999 -9999 -9999 -9999 -9999 -9999 -9999 -9999 -9999 1.55155E-1 8.6254E-2 2.55385E-2 1.36348E-2 3.32328E-3 4.71848E-3 1.03444E-3 1.52519E-3 1.14627E-3 5.78979E-4 2.87274E-4 2.52042E-4 1.54754E-4 1.55863E-4 1.4762E-4 5.25572E-5 8.40676E-6 3.86732E-6 2.66998E-6 1.21091E-6 1.35366E-6 3.07764E-7 2.85643E-7 2.49679E-7 2.15056E-7 2.53722E-7 1.2829E-7 1.89715E-7 4.89364E-8 2.43322E-8 1.54033E-8 6.2942E-9 1.40834E-8 6.05789E-9 2.37942E-9 9.34714E-10 5.2671E-10
-9999 -9999 -9999 -9999 -9999 -9999 -9999 -9999 -9999 -9999 -9999 -9999 -9999 -9999 -9999 -9999 -9999 -9999 -9999 -9999 -9999 -9999 -9999 -9999 -9999 -9999 -9999 -9999 -9999 -9999 -9999 -9999 -9999 -9999 -9999 -9999 -9999 -9999 -9999 1.21925E-1 1.43573E-1 3.91536E-2 1.92275E-2 6.68437E-3 2.99237E-3 1.37144E-3 8.52896E-4 6.91891E-4 5.70426E-4 5.05192E-4 2.76199E-4 1.29738E-4 1.03433E-4 1.19414E-4 9.09989E-5 2.19582E-5 6.5492E-6 2.48351E-6 1.55718E-6 1.57996E-6 1.1681E-6 3.50935E-7 2.65967E-7 2.05462E-7 1.88916E-7 1.75355E-7 7.23717E-8 4.12201E-8 1.94997E-8 1.55129E-8 7.2948E-9 4.13462E-9 5.91406E-9 1.96466E-9 8.69543E-10 4.27001E-10
-9999 -9999 -9999 -9999 -9999 -9999 -9999 -9999 -9999 -9999 -9999 -9999 -9999 -9999 -9999 -9999 -9999 -9999 -9999 -9999 -9999 -9999 -9999 -9999 -9999 -9999 -9999 -9999 -9999 -9999 -9999 -9999 -9999 -9999 -9999 -9999 -9999 -9999 -9999 -9999 7.20708E-2 4.60707E-2 2.0451E-2 8.75451E-3 2.51665E-3 1.81391E-3 7.63915E-4 7.48658E-4 6.19264E-4 3.24754E-4 3.43359E-4 2.98539E-4 1.12614E-4 9.86137E-5 1.28685E-4 4.59845E-5 9.22396E-6 4.62585E-6 1.47808E-6 4.48058E-7 1.48278E-6 6.53942E-7 3.22583E-7 2.14476E-7 1.7886E-7 1.33827E-7 7.65652E-8 6.71189E-8 3.5308E-8 1.63689E-8 8.11396E-9 1.08997E-8 6.6581E-9 2.9619E-9 1.18267E-9 8.09999E-10
-9999 -9999 -9999 -9999 -9999 -9999 -9999 -9999 -9999 -9999 -9999 -9999 -9999 -9999 -9999 -9999 -9999 -9999 -9999 -9999 -9999 -9999 -9999 -9999 -9999 -9999 -9999 -9999 -9999 -9999 -9999 -9999 -9999 -9999 -9999 -9999 -9999 -9999 -9999 -9999 7.75065E-2 3.34558E-2 3.22947E-2 1.49314E-2 4.62402E-3 2.5434E-3 8.40254E-4 4.80179E-4 5.17507E-4 7.69695E-4 5.60067E-4 2.52368E-4 2.48938E-4 3.85242E-4 1.16458E-4 2.76874E-5 1.10664E-5 3.58023E-6 1.84513E-6 8.76296E-7 1.20245E-6 7.56528E-7 3.21076E-7 2.31722E-7 2.03275E-7 8.82851E-8 4.92605E-8 3.83563E-8 2.61988E-8 1.2992E-8 5.74681E-9 1.05979E-8 5.19059E-9 3.50313E-9 1.49953E-9 1.00102E-9
-9999 -9999 -9999 -9999 -9999 -9999 -9999 -9999 -9999 -9999 -9999 -9999 -9999 -9999 -9999 -9999 -9999 -9999 -9999 -9999 -9999 -9999 -9999 -9999 -9999 -9999 -9999 -9999 -9999 -9999 -9999 -9999 -9999 -9999 -9999 -9999 -9999 -9999 -9999 -9999 1.63154E-1 4.40814E-2 5.02762E-2 1.92273E-2 5.56076E-3 2.92704E-3 2.21938E-3 7.04134E-4 1.392E-3 8.03832E-4 9.17358E-4 5.38854E-4 3.34815E-4 2.74154E-4 4.73145E-4 1.02175E-4 1.80798E-5 6.27597E-6 1.43632E-6 7.29102E-7 4.96621E-7 8.56731E-7 4.04966E-7 1.61421E-7 1.20582E-7 8.13802E-8 4.53612E-8 3.28629E-8 5.80533E-8 1.70784E-8 6.78615E-9 1.03999E-8 4.7006E-9 3.01796E-9 1.16873E-9 1.13283E-9
-9999 -9999 -9999 -9999 -9999 -9999 -9999 -9999 -9999 -9999 -9999 -9999 -9999 -9999 -9999 -9999 -9999 -9999 -9999 -9999 -9999 -9999 -9999 -9999 -9999 -9999 -9999 -9999 -9999 -9999 -9999 -9999 -9999 -9999 -9999 -9999 -9999 -9999 -9999 -9999 -9999 1.32252E-2 -9999 8.30084E-2 3.13857E-2 1.03166E-2 2.9788E-3 1.6814E-3 1.13608E-3 7.33776E-4 9.37015E-4 1.10081E-3 2.43363E-4 1.75528E-4 2.62153E-4 8.55208E-5 4.94633E-5 5.7317E-6 2.09747E-6 8.28632E-7 6.11957E-7 8.91064E-7 2.48688E-7 1.87564E-7 1.02354E-7 6.84558E-8 4.58025E-8 3.0438E-8 2.64724E-8 1.1973E-8 7.01966E-9 1.62167E-8 4.59801E-9 1.49281E-9 1.20011E-9 1.01553E-9
-9999 -9999 -9999 -9999 -9999 -9999 -9999 -9999 -9999 -9999 -9999 -9999 -9999 -9999 -9999 -9999 -9999 -9999 -9999 -9999 -9999 -9999 -9999 -9999 -9999 -9999 -9999 -9999 -9999 -9999 -9999 -9999 -9999 -9999 -9999 -9999 -9999 -9999 -9999 -9999 -9999 -9999 -9999 3.78773E-2 1.28087E-1 6.40245E-2 1.34672E-2 2.24816E-3 1.10256E-3 4.82338E-4 4.3379E-4 9.91876E-4 6.56246E-4 2.94546E-4 1.85432E-4 7.6412E-5 2.66559E-5 8.28171E-6 1.90476E-6 1.16046E-6 1.7719E-6 1.03751E-6 3.79466E-7 1.45266E-7 9.35155E-8 5.96142E-8 4.03995E-8 3.77405E-8 2.253E-8 1.7778E-8 7.79482E-9 1.40393E-8 4.23252E-9 2.20335E-9 1.52021E-9 1.07514E-9
-9999 -9999 -9999 -9999 -9999 -9999 -9999 -9999 -9999 -9999 -9999 -9999 -9999 -9999 -9999 -9999 -9999 -9999 -9999 -9999 -9999 -9999 -9999 -9999 -9999 -9999 -9999 -9999 -9999 -9999 -9999 -9999 -9999 -9999 -9999 -9999 -9999 -9999 -9999 -9999 -9999 -9999 -9999 7.80258E-2 1.1145E-1 8.1311E-2 2.99875E-2 9.31733E-3 3.19917E-3 1.05823E-3 1.07763E-3 3.61453E-4 5.01563E-4 4.22175E-4 3.80423E-4 1.51295E-4 3.84937E-5 1.13033E-5 2.51181E-6 3.60091E-6 1.80969E-6 4.20006E-7 3.92009E-7 1.84955E-7 1.16187E-7 7.85501E-8 5.49019E-8 4.25702E-8 2.87823E-8 1.84579E-8 6.87231E-9 8.41099E-9 3.3711E-9 1.75622E-9 1.59991E-9 8.70977E-10
-9999 -9999 -9999 -9999 -9999 -9999 -9999 -9999 -9999 -9999 -9999 -9999 -9999 -9999 -9999 -9999 -9999 -9999 -9999 -9999 -9999 -9999 -9999 -9999 -9999 -9999 -9999 -9999 -9999 -9999 -9999 -9999 -9999 -9999 -9999 -9999 -9999 -9999 -9999 -9999 -9999 -9999 -9999 2.1898E-2 1.30671E-1 8.25349E-2 6.60997E-2 1.48135E-2 6.73659E-3 1.39329E-3 6.94541E-4 3.77335E-4 2.29162E-4 3.39842E-4 2.57835E-4 3.11757E-4 4.22892E-5 1.39776E-5 4.02121E-6 2.30285E-6 2.49988E-6 1.37683E-6 4.80425E-7 2.4901E-7 1.54172E-7 8.94983E-8 4.65122E-8 4.71093E-8 3.2355E-8 1.49679E-8 7.76299E-9 1.30757E-8 3.3529E-9 1.47502E-9 1.273E-9 7.32759E-10
