data/processed/Maxent_results1/MaxEnt_Output_betamultiplier_2/religiosa_max.asc
ncols         804
nrows         479
xllcorner     -160.716666666667
yllcorner     18.575
cellsize      0.008333333333
NODATA_value  -9999
[rows 340 to 373 of 479, columns 532 to 607 of 804]
-9999 -9999 -9999 -9999 -9999 -9999 -9999 -9999 -9999 -9999 -9999 -9999 -9999 -9999 -9999 -9999 -9999 -9999 -9999 -9999 -9999 -9999 -9999 -9999 -9999 -9999 -9999 9.98365E-1 9.99616E-1 9.92977E-1 9.0439E-1 7.60651E-1 3.94434E-1 2.47862E-1 1.56748E-1 8.23248E-2 3.99577E-2 2.06893E-2 1.26579E-2 7.23178E-3 4.64613E-3 2.7015E-3 1.50874E-3 1.06829E-3 8.9626E-4 7.64197E-4 6.28808E-4 6.13697E-4 5.98294E-4 5.53431E-4 4.91897E-4 4.41127E-4 3.72653E-4 3.02892E-4 2.53523E-4 2.43381E-4 2.15469E-4 1.86085E-4 1.66354E-4 1.42105E-4 1.31528E-4 1.22668E-4 1.1863E-4 1.12833E-4 1.02779E-4 1.04621E-4 1.02379E-4 8.5403E-5 9.92063E-5 1.03531E-4 9.84516E-5 8.0766E-5 7.13411E-5 5.54147E-5 4.92887E-5 4.20732E-5
-9999 -9999 -9999 -9999 -9999 -9999 -9999 -9999 -9999 -9999 -9999 -9999 -9999 -9999 -9999 -9999 -9999 -9999 -9999 -9999 -9999 -9999 -9999 -9999 -9999 -9999 -9999 9.95222E-1 9.98596E-1 9.96811E-1 9.45067E-1 7.06864E-1 4.39278E-1 2.46235E-1 1.95242E-1 9.15556E-2 4.41136E-2 2.2139E-2 1.25385E-2 7.42911E-3 4.5094E-3 2.61358E-3 1.27518E-3 7.78269E-4 5.23021E-4 3.97511E-4 3.49127E-4 3.26159E-4 2.89497E-4 3.31654E-4 3.64914E-4 2.77562E-4 2.20104E-4 1.75389E-4 1.4134E-4 1.38564E-4 1.23314E-4 1.14745E-4 9.97158E-5 8.9796E-5 9.27844E-5 8.74433E-5 7.53926E-5 7.11961E-5 6.50643E-5 7.39343E-5 8.49449E-5 8.07369E-5 8.28833E-5 8.24912E-5 7.85056E-5 6.51606E-5 5.3139E-5 4.46499E-5 3.83936E-5 3.31991E-5
-9999 -9999 -9999 -9999 -9999 -9999 -9999 -9999 -9999 -9999 -9999 -9999 -9999 -9999 -9999 -9999 -9999 -9999 -9999 -9999 -9999 -9999 -9999 -9999 -9999 -9999 -9999 -9999 9.93518E-1 9.93722E-1 9.41622E-1 7.31725E-1 4.69734E-1 3.03168E-1 1.93518E-1 1.11233E-1 5.27294E-2 2.49512E-2 1.42722E-2 8.77423E-3 5.17905E-3 3.41156E-3 1.62741E-3 8.8967E-4 4.58369E-4 2.80748E-4 2.13187E-4 1.74579E-4 1.6237E-4 1.68283E-4 2.14429E-4 1.93555E-4 1.36113E-4 9.55405E-5 7.66921E-5 7.74046E-5 7.12318E-5 7.12474E-5 6.1654E-5 6.50112E-5 6.29267E-5 6.04893E-5 5.85193E-5 4.09304E-5 3.6467E-5 5.0179E-5 6.00078E-5 6.31552E-5 6.41092E-5 6.52472E-5 5.56461E-5 4.94985E-5 3.95918E-5 3.67804E-5 3.31852E-5 2.24228E-5
-9999 -9999 -9999 -9999 -9999 -9999 -9999 -9999 -9999 -9999 -9999 -9999 -9999 -9999 -9999 -9999 -9999 -9999 -9999 -9999 -9999 -9999 -9999 -9999 -9999 -9999 -9999 -9999 9.86602E-1 9.91606E-1 9.83273E-1 8.41042E-1 4.94026E-1 3.49566E-1 2.12879E-1 1.36232E-1 6.57285E-2 3.22923E-2 1.63661E-2 1.09396E-2 6.30635E-3 4.17024E-3 2.13974E-3 1.03815E-3 5.71255E-4 3.03794E-4 1.97213E-4 1.32238E-4 1.03873E-4 1.11446E-4 1.45721E-4 1.51766E-4 9.40866E-5 5.89385E-5 4.90412E-5 4.71503E-5 4.29991E-5 4.28963E-5 4.25993E-5 3.60248E-5 2.6634E-5 2.67598E-5 2.59088E-5 3.2274E-5 3.0716E-5 3.6365E-5 4.27371E-5 3.96785E-5 5.19267E-5 5.43214E-5 4.42812E-5 3.74243E-5 2.65058E-5 2.21451E-5 2.15224E-5 1.82296E-5
-9999 -9999 -9999 -9999 -9999 -9999 -9999 -9999 -9999 -9999 -9999 -9999 -9999 -9999 -9999 -9999 -9999 -9999 -9999 -9999 -9999 -9999 -9999 -9999 -9999 -9999 -9999 -9999 9.76403E-1 9.83696E-1 9.89523E-1 8.74033E-1 6.282E-1 4.32105E-1 2.94489E-1 1.7499E-1 8.9527E-2 3.97712E-2 2.09266E-2 1.44533E-2 8.59333E-3 5.67971E-3 2.86234E-3 1.25281E-3 6.96723E-4 3.01316E-4 2.19449E-4 1.38625E-4 7.99999E-5 8.01801E-5 9.76208E-5 1.16956E-4 6.24275E-5 3.8537E-5 3.25616E-5 3.02811E-5 2.90356E-5 2.80059E-5 2.65094E-5 1.24026E-5 1.46221E-5 1.58275E-5 1.72611E-5 2.1936E-5 2.37977E-5 2.7792E-5 2.12095E-5 2.5081E-5 3.40945E-5 3.99039E-5 3.78217E-5 2.85229E-5 2.62926E-5 1.97514E-5 1.42384E-5 1.15358E-5
-9999 -9999 -9999 -9999 -9999 -9999 -9999 -9999 -9999 -9999 -9999 -9999 -9999 -9999 -9999 -9999 -9999 -9999 -9999 -9999 -9999 -9999 -9999 -9999 -9999 -9999 -9999 -9999 -9999 -9999 9.94515E-1 9.47381E-1 7.05209E-1 4.99943E-1 3.18372E-1 2.45915E-1 1.25858E-1 5.0164E-2 2.89113E-2 1.87243E-2 1.16403E-2 6.88777E-3 3.98095E-3 2.03414E-3 1.08328E-3 5.47903E-4 2.70576E-4 1.53122E-4 1.00426E-4 8.04211E-5 8.5961E-5 1.20179E-4 8.1894E-5 4.58524E-5 3.52705E-5 3.09583E-5 2.60194E-5 2.56901E-5 1.77565E-5 9.98696E-6 1.0449E-5 1.34645E-5 2.02514E-5 2.14506E-5 1.63014E-5 2.42126E-5 1.83492E-5 2.33753E-5 2.82568E-5 3.7044E-5 4.15063E-5 3.54501E-5 2.39943E-5 1.80049E-5 1.51173E-5 1.32997E-5
-9999 -9999 -9999 -9999 -9999 -9999 -9999 -9999 -9999 -9999 -9999 -9999 -9999 -9999 -9999 -9999 -9999 -9999 -9999 -9999 -9999 -9999 -9999 -9999 -9999 -9999 -9999 -9999 -9999 -9999 9.94597E-1 9.8019E-1 7.6506E-1 5.14212E-1 3.34904E-1 2.46967E-1 1.40638E-1 8.17204E-2 4.12139E-2 2.03509E-2 1.43938E-2 8.91298E-3 5.76378E-3 3.32305E-3 1.50758E-3 7.51037E-4 4.23885E-4 2.34466E-4 1.55652E-4 1.30273E-4 1.46912E-4 1.51903E-4 8.46796E-5 5.24729E-5 4.10678E-5 3.40021E-5 2.90615E-5 2.44582E-5 1.59636E-5 1.33597E-5 9.53709E-6 1.24901E-5 1.1582E-5 1.46592E-5 1.47881E-5 1.80047E-5 1.77851E-5 2.16058E-5 2.85033E-5 3.79613E-5 3.98092E-5 3.29231E-5 2.35727E-5 1.93518E-5 1.31616E-5 1.16987E-5
-9999 -9999 -9999 -9999 -9999 -9999 -9999 -9999 -9999 -9999 -9999 -9999 -9999 -9999 -9999 -9999 -9999 -9999 -9999 -9999 -9999 -9999 -9999 -9999 -9999 -9999 -9999 -9999 -9999 -9999 -9999 9.7185E-1 9.04331E-1 6.51257E-1 4.11148E-1 2.67776E-1 1.87228E-1 8.76537E-2 5.10164E-2 2.70061E-2 1.59609E-2 1.09558E-2 7.0528E-3 4.44747E-3 2.24587E-3 1.1307E-3 5.94739E-4 4.30737E-4 2.74294E-4 2.47521E-4 2.45816E-4 1.63782E-4 1.05322E-4 6.48298E-5 4.67897E-5 3.84162E-5 2.98968E-5 2.44337E-5 1.3784E-5 1.04666E-5 1.24955E-5 9.45609E-6 9.91824E-6 1.23104E-5 1.26753E-5 1.49213E-5 2.29079E-5 2.68635E-5 2.78881E-5 3.76608E-5 3.72962E-5 3.11376E-5 2.3438E-5 2.14018E-5 1.68298E-5 1.32141E-5
-9999 -9999 -9999 -9999 -9999 -9999 -9999 -9999 -9999 -9999 -9999 -9999 -9999 -9999 -9999 -9999 -9999 -9999 -9999 -9999 -9999 -9999 -9999 -9999 -9999 -9999 -9999 -9999 -9999 -9999 9.94212E-1 9.79263E-1 9.08019E-1 7.34533E-1 5.1765E-1 3.3816E-1 1.94355E-1 1.34626E-1 6.76704E-2 3.54243E-2 2.1041E-2 1.27894E-2 8.39476E-3 4.92077E-3 3.0494E-3 1.65179E-3 9.97241E-4 6.60061E-4 4.95466E-4 4.61856E-4 3.01485E-4 1.85203E-4 1.19567E-4 7.70204E-5 5.82089E-5 4.05035E-5 3.26789E-5 2.49048E-5 1.22693E-5 1.05736E-5 9.34256E-6 8.8588E-6 9.34208E-6 9.32901E-6 1.12284E-5 1.28774E-5 1.90295E-5 2.28072E-5 3.19749E-5 3.73422E-5 3.66763E-5 3.05194E-5 2.44382E-5 2.19111E-5 1.87232E-5 1.45381E-5
-9999 -9999 -9999 -9999 -9999 -9999 -9999 -9999 -9999 -9999 -9999 -9999 -9999 -9999 -9999 -9999 -9999 -9999 -9999 -9999 -9999 -9999 -9999 -9999 -9999 -9999 -9999 -9999 -9999 -9999 9.93587E-1 9.79333E-1 9.32643E-1 8.23968E-1 5.59955E-1 4.13467E-1 2.92746E-1 1.55761E-1 9.94051E-2 4.4773E-2 2.73308E-2 1.60819E-2 9.76992E-3 5.8457E-3 3.55039E-3 2.1731E-3 1.48514E-3 1.00387E-3 7.50991E-4 5.89127E-4 3.81876E-4 2.26626E-4 1.50225E-4 9.52689E-5 6.85051E-5 4.82596E-5 3.3541E-5 2.45995E-5 1.17136E-5 9.88356E-6 1.08292E-5 1.10539E-5 7.94364E-6 8.86824E-6 1.21691E-5 1.22878E-5 1.67992E-5 2.67125E-5 3.24454E-5 3.2578E-5 3.28312E-5 2.90983E-5 2.41168E-5 2.02354E-5 1.75086E-5 1.51574E-5
-9999 -9999 -9999 -9999 -9999 -9999 -9999 -9999 -9999 -9999 -9999 -9999 -9999 -9999 -9999 -9999 -9999 -9999 -9999 -9999 -9999 -9999 -9999 -9999 -9999 -9999 -9999 -9999 -9999 -9999 -9999 -9999 8.87711E-1 8.85336E-1 7.04141E-1 5.14693E-1 3.52874E-1 2.34818E-1 1.50704E-1 6.45915E-2 3.34814E-2 1.97018E-2 1.17199E-2 7.35702E-3 4.36564E-3 2.88687E-3 2.11336E-3 1.43096E-3 1.03483E-3 7.11219E-4 4.70817E-4 2.85421E-4 1.94127E-4 1.24997E-4 8.35517E-5 5.5596E-5 3.86144E-5 2.66252E-5 1.14571E-5 1.05068E-5 1.17469E-5 1.10706E-5 1.10581E-5 1.20957E-5 1.11556E-5 1.2586E-5 1.64201E-5 2.04862E-5 2.87766E-5 2.94087E-5 2.63726E-5 2.25491E-5 1.94624E-5 1.76376E-5 1.56391E-5 1.34497E-5
-9999 -9999 -9999 -9999 -9999 -9999 -9999 -9999 -9999 -9999 -9999 -9999 -9999 -9999 -9999 -9999 -9999 -9999 -9999 -9999 -9999 -9999 -9999 -9999 -9999 -9999 -9999 -9999 -9999 -9999 -9999 -9999 -9999 -9999 -9999 7.09848E-1 4.60372E-1 3.1435E-1 1.86894E-1 8.89123E-2 4.0859E-2 2.35734E-2 1.34079E-2 8.63915E-3 5.66695E-3 3.82514E-3 2.62023E-3 1.80786E-3 1.2104E-3 9.43449E-4 5.88721E-4 4.04664E-4 2.63073E-4 1.72933E-4 1.11473E-4 7.25405E-5 4.94108E-5 3.12781E-5 1.56246E-5 9.73742E-6 1.05545E-5 1.34481E-5 1.45914E-5 1.56606E-5 1.50546E-5 1.67843E-5 2.02637E-5 2.37666E-5 2.44322E-5 2.44922E-5 1.90837E-5 1.70454E-5 1.41492E-5 1.25583E-5 1.14989E-5 9.57631E-6
-9999 -9999 -9999 -9999 -9999 -9999 -9999 -9999 -9999 -9999 -9999 -9999 -9999 -9999 -9999 -9999 -9999 -9999 -9999 -9999 -9999 -9999 -9999 -9999 -9999 -9999 -9999 -9999 -9999 -9999 -9999 -9999 -9999 -9999 -9999 7.34842E-1 5.45679E-1 3.96578E-1 2.50179E-1 1.16842E-1 5.4451E-2 2.81347E-2 1.68082E-2 1.05922E-2 6.90591E-3 4.53295E-3 2.99487E-3 2.11355E-3 1.40899E-3 1.1728E-3 8.10732E-4 5.37483E-4 3.63159E-4 2.43074E-4 1.54903E-4 8.69141E-5 5.81461E-5 3.71944E-5 1.75838E-5 1.13918E-5 1.31917E-5 1.30755E-5 1.68933E-5 1.82375E-5 2.07605E-5 2.02455E-5 2.29855E-5 2.40933E-5 2.21625E-5 1.92763E-5 1.6423E-5 1.17184E-5 1.10394E-5 9.96965E-6 9.08386E-6 8.25043E-6
-9999 -9999 -9999 -9999 -9999 -9999 -9999 -9999 -9999 -9999 -9999 -9999 -9999 -9999 -9999 -9999 -9999 -9999 -9999 -9999 -9999 -9999 -9999 -9999 -9999 -9999 -9999 -9999 -9999 -9999 -9999 -9999 -9999 -9999 -9999 -9999 6.23055E-1 4.98664E-1 2.98344E-1 1.38368E-1 6.80743E-2 3.60386E-2 1.9795E-2 1.31166E-2 8.28168E-3 5.32293E-3 3.65953E-3 2.28377E-3 1.73087E-3 1.5747E-3 1.14206E-3 7.53639E-4 4.97032E-4 3.43494E-4 2.01363E-4 1.28929E-4 6.79539E-5 4.34486E-5 2.39047E-5 1.44679E-5 1.57527E-5 1.66869E-5 2.15932E-5 2.3979E-5 2.82736E-5 2.43971E-5 2.37845E-5 2.31325E-5 1.94514E-5 1.51102E-5 1.51557E-5 1.32686E-5 1.0018E-5 8.5497E-6 7.76725E-6 6.39838E-6
-9999 -9999 -9999 -9999 -9999 -9999 -9999 -9999 -9999 -9999 -9999 -9999 -9999 -9999 -9999 -9999 -9999 -9999 -9999 -9999 -9999 -9999 -9999 -9999 -9999 -9999 -9999 -9999 -9999 -9999 -9999 -9999 -9999 -9999 -9999 -9999 7.37948E-1 5.81982E-1 3.80122E-1 1.86459E-1 8.45913E-2 4.27422E-2 2.39512E-2 1.54615E-2 1.07012E-2 6.6403E-3 4.04207E-3 2.65662E-3 1.96431E-3 1.80065E-3 1.42311E-3 9.99084E-4 6.9432E-4 4.9601E-4 2.75315E-4 1.53359E-4 7.11449E-5 4.70068E-5 2.77765E-5 1.55679E-5 1.83293E-5 2.54451E-5 2.87318E-5 3.14301E-5 3.36026E-5 2.90185E-5 2.51175E-5 2.15389E-5 1.65754E-5 1.31406E-5 1.04301E-5 1.03462E-5 9.5221E-6 6.6631E-6 5.79049E-6 5.26662E-6
-9999 -9999 -9999 -9999 -9999 -9999 -9999 -9999 -9999 -9999 -9999 -9999 -9999 -9999 -9999 -9999 -9999 -9999 -9999 -9999 -9999 -9999 -9999 -9999 -9999 -9999 -9999 -9999 -9999 -9999 -9999 -9999 -9999 -9999 -9999 -9999 -9999 6.15764E-1 4.36059E-1 2.0875E-1 1.10295E-1 5.46215E-2 3.06254E-2 1.85526E-2 1.15536E-2 6.69675E-3 4.43032E-3 3.09173E-3 2.17511E-3 1.93707E-3 1.76074E-3 1.37404E-3 9.5691E-4 6.52002E-4 3.6769E-4 1.92034E-4 1.07621E-4 4.50882E-5 3.25501E-5 2.01813E-5 2.4678E-5 2.77441E-5 3.39688E-5 3.4354E-5 3.81556E-5 3.12907E-5 2.63362E-5 1.92111E-5 1.59159E-5 1.09775E-5 9.03415E-6 9.24927E-6 7.63374E-6 5.97731E-6 4.76867E-6 4.18817E-6
-9999 -9999 -9999 -9999 -9999 -9999 -9999 -9999 -9999 -9999 -9999 -9999 -9999 -9999 -9999 -9999 -9999 -9999 -9999 -9999 -9999 -9999 -9999 -9999 -9999 -9999 -9999 -9999 -9999 -9999 -9999 -9999 -9999 -9999 -9999 -9999 -9999 6.15982E-1 4.65402E-1 2.26896E-1 1.23285E-1 6.18581E-2 3.49436E-2 2.01195E-2 1.20912E-2 7.15225E-3 4.72935E-3 3.17723E-3 2.25812E-3 2.07189E-3 1.93433E-3 1.47957E-3 1.0017E-3 6.91863E-4 4.23164E-4 2.12467E-4 1.20559E-4 4.02988E-5 3.76257E-5 2.71302E-5 2.82732E-5 3.02819E-5 3.46324E-5 3.63865E-5 3.87731E-5 3.18454E-5 2.59818E-5 1.98069E-5 1.52722E-5 1.06519E-5 9.13184E-6 7.76888E-6 6.59401E-6 5.5973E-6 4.30004E-6 3.12799E-6
-9999 -9999 -9999 -9999 -9999 -9999 -9999 -9999 -9999 -9999 -9999 -9999 -9999 -9999 -9999 -9999 -9999 -9999 -9999 -9999 -9999 -9999 -9999 -9999 -9999 -9999 -9999 -9999 -9999 -9999 -9999 -9999 -9999 -9999 -9999 -9999 -9999 6.66122E-1 5.04893E-1 2.71633E-1 1.36272E-1 6.7638E-2 3.88233E-2 2.46205E-2 1.36797E-2 8.04877E-3 5.46472E-3 3.65692E-3 2.49309E-3 2.29974E-3 2.15782E-3 1.55251E-3 1.01808E-3 7.36633E-4 4.24031E-4 2.58536E-4 1.35051E-4 6.55365E-5 4.08851E-5 2.91264E-5 3.12338E-5 3.37291E-5 3.67254E-5 3.95779E-5 4.45155E-5 3.34211E-5 2.47949E-5 1.86579E-5 1.51718E-5 1.17738E-5 9.0583E-6 7.57064E-6 6.05646E-6 4.92502E-6 4.10807E-6 2.83204E-6
-9999 -9999 -9999 -9999 -9999 -9999 -9999 -9999 -9999 -9999 -9999 -9999 -9999 -9999 -9999 -9999 -9999 -9999 -9999 -9999 -9999 -9999 -9999 -9999 -9999 -9999 -9999 -9999 -9999 -9999 -9999 -9999 -9999 -9999 -9999 -9999 -9999 -9999 5.32584E-1 2.63523E-1 1.41738E-1 7.64682E-2 4.40669E-2 2.57061E-2 1.57165E-2 9.14533E-3 5.83386E-3 4.0297E-3 2.87482E-3 2.48182E-3 2.22471E-3 1.73091E-3 1.1997E-3 8.52523E-4 4.81837E-4 2.72552E-4 1.59794E-4 8.41379E-5 5.06161E-5 3.4431E-5 3.59707E-5 3.56239E-5 3.93978E-5 4.16736E-5 4.4568E-5 3.37892E-5 2.68779E-5 2.10363E-5 1.50167E-5 1.15952E-5 8.88067E-6 6.42949E-6 5.58567E-6 4.31338E-6 3.11222E-6 2.45534E-6
-9999 -9999 -9999 -9999 -9999 -9999 -9999 -9999 -9999 -9999 -9999 -9999 -9999 -9999 -9999 -9999 -9999 -9999 -9999 -9999 -9999 -9999 -9999 -9999 -9999 -9999 -9999 -9999 -9999 -9999 -9999 -9999 -9999 -9999 -9999 -9999 -9999 -9999 5.21909E-1 2.87608E-1 1.57153E-1 9.3114E-2 5.24363E-2 2.95536E-2 1.71895E-2 1.03903E-2 6.86603E-3 5.02223E-3 3.29014E-3 2.90162E-3 2.52644E-3 2.01607E-3 1.37073E-3 8.95283E-4 5.22724E-4 3.15267E-4 1.68786E-4 1.0233E-4 5.84077E-5 4.14073E-5 4.05856E-5 4.00196E-5 3.98267E-5 4.40206E-5 4.39142E-5 3.52908E-5 2.44656E-5 2.04476E-5 1.57213E-5 1.17324E-5 8.81472E-6 5.97821E-6 4.79964E-6 3.81792E-6 2.61261E-6 1.73029E-6
-9999 -9999 -9999 -9999 -9999 -9999 -9999 -9999 -9999 -9999 -9999 -9999 -9999 -9999 -9999 -9999 -9999 -9999 -9999 -9999 -9999 -9999 -9999 -9999 -9999 -9999 -9999 -9999 -9999 -9999 -9999 -9999 -9999 -9999 -9999 -9999 -9999 -9999 4.78182E-1 3.26416E-1 1.77997E-1 1.0289E-1 6.00312E-2 3.5846E-2 2.02009E-2 1.31644E-2 8.62212E-3 5.61463E-3 3.83918E-3 3.12659E-3 2.66555E-3 2.14835E-3 1.53166E-3 1.05204E-3 5.97008E-4 3.48676E-4 2.06711E-4 1.18472E-4 7.15395E-5 4.81272E-5 4.24767E-5 4.58951E-5 4.58553E-5 4.62542E-5 4.77923E-5 3.60011E-5 2.51881E-5 1.87037E-5 1.5418E-5 1.15257E-5 7.92298E-6 5.71252E-6 4.163E-6 3.2932E-6 2.04876E-6 1.62363E-6
-9999 -9999 -9999 -9999 -9999 -9999 -9999 -9999 -9999 -9999 -9999 -9999 -9999 -9999 -9999 -9999 -9999 -9999 -9999 -9999 -9999 -9999 -9999 -9999 -9999 -9999 -9999 -9999 -9999 -9999 -9999 -9999 -9999 -9999 -9999 -9999 -9999 -9999 5.13297E-1 3.89681E-1 2.00025E-1 1.12464E-1 6.80094E-2 4.10171E-2 2.42548E-2 1.65219E-2 1.07797E-2 6.72306E-3 4.46438E-3 3.5753E-3 3.03978E-3 2.35387E-3 1.59592E-3 1.12627E-3 6.43059E-4 3.63902E-4 2.16589E-4 1.36726E-4 8.06172E-5 5.15822E-5 4.79039E-5 4.8189E-5 4.83326E-5 4.54177E-5 4.33689E-5 3.40177E-5 2.39758E-5 1.69901E-5 1.38378E-5 1.11146E-5 7.45609E-6 5.15122E-6 3.79548E-6 2.78071E-6 1.98885E-6 1.31625E-6
-9999 -9999 -9999 -9999 -9999 -9999 -9999 -9999 -9999 -9999 -9999 -9999 -9999 -9999 -9999 -9999 -9999 -9999 -9999 -9999 -9999 -9999 -9999 -9999 -9999 -9999 -9999 -9999 -9999 -9999 -9999 -9999 -9999 -9999 -9999 -9999 -9999 -9999 -9999 3.46561E-1 2.29295E-1 1.34402E-1 7.83831E-2 4.93138E-2 2.94033E-2 1.78294E-2 1.21722E-2 7.55986E-3 4.98539E-3 4.00228E-3 3.28159E-3 2.43252E-3 1.71079E-3 1.158E-3 7.01872E-4 4.06694E-4 2.42802E-4 1.54806E-4 8.59952E-5 5.65852E-5 5.34088E-5 5.2213E-5 4.91607E-5 4.46125E-5 4.37993E-5 3.07625E-5 2.24525E-5 1.63638E-5 1.20421E-5 9.82194E-6 6.88843E-6 4.83052E-6 3.48957E-6 2.40095E-6 1.74035E-6 1.32815E-6
-9999 -9999 -9999 -9999 -9999 -9999 -9999 -9999 -9999 -9999 -9999 -9999 -9999 -9999 -9999 -9999 -9999 -9999 -9999 -9999 -9999 -9999 -9999 -9999 -9999 -9999 -9999 -9999 -9999 -9999 -9999 -9999 -9999 -9999 -9999 -9999 -9999 -9999 -9999 3.98011E-1 2.39417E-1 1.488E-1 9.04498E-2 5.60012E-2 3.16546E-2 2.01561E-2 1.30311E-2 8.60939E-3 6.10603E-3 4.71822E-3 3.45373E-3 2.54857E-3 1.8719E-3 1.29984E-3 7.81628E-4 4.50157E-4 2.57428E-4 1.65573E-4 9.41928E-5 6.31225E-5 5.77184E-5 5.30421E-5 4.87308E-5 4.5303E-5 4.17014E-5 2.86959E-5 2.12627E-5 1.4911E-5 1.0719E-5 8.62632E-6 5.8833E-6 4.48208E-6 3.02995E-6 2.29841E-6 1.65085E-6 1.17867E-6
-9999 -9999 -9999 -9999 -9999 -9999 -9999 -9999 -9999 -9999 -9999 -9999 -9999 -9999 -9999 -9999 -9999 -9999 -9999 -9999 -9999 -9999 -9999 -9999 -9999 -9999 -9999 -9999 -9999 -9999 -9999 -9999 -9999 -9999 -9999 -9999 -9999 -9999 -9999 3.80976E-1 3.08299E-1 1.76645E-1 1.05997E-1 6.29939E-2 3.79771E-2 2.23281E-2 1.48679E-2 9.84819E-3 6.86429E-3 5.25011E-3 3.757E-3 2.60161E-3 1.85542E-3 1.38001E-3 8.28732E-4 5.10075E-4 2.90289E-4 1.73208E-4 1.18778E-4 6.89676E-5 6.05686E-5 5.40745E-5 4.86768E-5 4.59539E-5 4.01777E-5 2.73613E-5 1.92235E-5 1.36559E-5 9.80174E-6 7.42303E-6 5.06451E-6 3.50458E-6 2.78515E-6 1.98326E-6 1.31881E-6 9.47035E-7
-9999 -9999 -9999 -9999 -9999 -9999 -9999 -9999 -9999 -9999 -9999 -9999 -9999 -9999 -9999 -9999 -9999 -9999 -9999 -9999 -9999 -9999 -9999 -9999 -9999 -9999 -9999 -9999 -9999 -9999 -9999 -9999 -9999 -9999 -9999 -9999 -9999 -9999 -9999 4.52447E-1 3.54281E-1 1.96264E-1 1.20297E-1 7.10357E-2 4.16893E-2 2.4723E-2 1.63038E-2 1.14962E-2 8.12756E-3 5.77203E-3 3.81888E-3 2.73688E-3 1.96577E-3 1.42334E-3 8.62676E-4 4.95801E-4 3.11828E-4 1.86693E-4 1.25663E-4 8.66231E-5 6.67903E-5 5.76252E-5 5.00058E-5 4.44961E-5 4.05342E-5 2.71261E-5 1.81709E-5 1.25786E-5 9.30432E-6 6.62287E-6 4.71992E-6 3.70113E-6 2.42767E-6 1.55433E-6 9.82877E-7 7.45687E-7
-9999 -9999 -9999 -9999 -9999 -9999 -9999 -9999 -9999 -9999 -9999 -9999 -9999 -9999 -9999 -9999 -9999 -9999 -9999 -9999 -9999 -9999 -9999 -9999 -9999 -9999 -9999 -9999 -9999 -9999 -9999 -9999 -9999 -9999 -9999 -9999 -9999 -9999 -9999 4.63579E-1 4.16534E-1 2.30913E-1 1.23115E-1 7.39723E-2 4.72023E-2 2.79729E-2 1.76229E-2 1.20389E-2 8.51054E-3 5.86323E-3 4.33929E-3 2.97191E-3 2.03515E-3 1.59201E-3 1.00188E-3 5.79038E-4 3.6841E-4 2.12814E-4 1.37184E-4 9.58419E-5 7.51027E-5 5.71647E-5 4.88744E-5 4.35448E-5 3.68291E-5 2.53571E-5 1.70013E-5 1.13998E-5 8.37058E-6 6.18565E-6 4.33907E-6 3.01573E-6 2.30744E-6 1.38612E-6 9.44497E-7 7.27469E-7
-9999 -9999 -9999 -9999 -9999 -9999 -9999 -9999 -9999 -9999 -9999 -9999 -9999 -9999 -9999 -9999 -9999 -9999 -9999 -9999 -9999 -9999 -9999 -9999 -9999 -9999 -9999 -9999 -9999 -9999 -9999 -9999 -9999 -9999 -9999 -9999 -9999 -9999 -9999 -9999 3.65674E-1 2.58321E-1 1.5014E-1 9.0397E-2 5.41704E-2 3.22592E-2 1.93312E-2 1.29698E-2 9.85132E-3 6.51872E-3 4.78442E-3 3.74571E-3 2.63765E-3 2.04243E-3 1.27125E-3 7.30519E-4 4.02476E-4 2.35801E-4 1.40423E-4 9.10852E-5 7.86062E-5 5.90914E-5 4.58609E-5 3.90535E-5 3.31224E-5 2.30293E-5 1.60411E-5 1.08839E-5 7.9425E-6 5.97528E-6 4.07958E-6 3.26265E-6 2.22014E-6 1.49365E-6 9.87979E-7 8.17475E-7
-9999 -9999 -9999 -9999 -9999 -9999 -9999 -9999 -9999 -9999 -9999 -9999 -9999 -9999 -9999 -9999 -9999 -9999 -9999 -9999 -9999 -9999 -9999 -9999 -9999 -9999 -9999 -9999 -9999 -9999 -9999 -9999 -9999 -9999 -9999 -9999 -9999 -9999 -9999 -9999 3.73076E-1 2.36507E-1 1.75648E-1 1.06616E-1 6.98807E-2 4.26562E-2 2.53866E-2 1.65286E-2 1.13062E-2 7.72315E-3 5.33016E-3 3.82844E-3 2.86681E-3 2.15544E-3 1.47803E-3 7.95824E-4 4.64565E-4 2.49854E-4 1.42803E-4 9.38994E-5 7.67159E-5 5.85693E-5 4.69591E-5 3.56724E-5 3.20061E-5 2.13736E-5 1.52599E-5 1.06013E-5 7.2564E-6 5.69568E-6 3.95694E-6 3.09252E-6 2.26714E-6 1.50008E-6 1.00624E-6 8.79307E-7
-9999 -9999 -9999 -9999 -9999 -9999 -9999 -9999 -9999 -9999 -9999 -9999 -9999 -9999 -9999 -9999 -9999 -9999 -9999 -9999 -9999 -9999 -9999 -9999 -9999 -9999 -9999 -9999 -9999 -9999 -9999 -9999 -9999 -9999 -9999 -9999 -9999 -9999 -9999 -9999 4.55931E-1 3.38697E-1 2.47577E-1 1.57424E-1 9.66781E-2 6.00823E-2 3.65056E-2 2.06356E-2 1.32375E-2 8.15604E-3 5.94843E-3 3.9568E-3 2.82211E-3 1.96057E-3 1.66812E-3 9.99024E-4 5.22292E-4 2.82646E-4 1.52925E-4 9.40596E-5 7.18947E-5 6.10813E-5 4.21458E-5 3.3885E-5 2.78432E-5 1.96652E-5 1.40314E-5 1.01232E-5 7.00707E-6 5.53031E-6 3.93921E-6 3.04114E-6 1.87209E-6 1.41969E-6 9.95967E-7 8.46447E-7
-9999 -9999 -9999 -9999 -9999 -9999 -9999 -9999 -9999 -9999 -9999 -9999 -9999 -9999 -9999 -9999 -9999 -9999 -9999 -9999 -9999 -9999 -9999 -9999 -9999 -9999 -9999 -9999 -9999 -9999 -9999 -9999 -9999 -9999 -9999 -9999 -9999 -9999 -9999 -9999 -9999 5.39735E-1 -9999 3.86241E-1 2.14124E-1 1.28506E-1 6.50177E-2 3.16287E-2 1.71787E-2 9.18996E-3 6.31979E-3 4.40178E-3 2.85602E-3 1.94988E-3 1.64795E-3 1.17851E-3 5.93132E-4 3.00008E-4 1.6028E-4 9.69595E-5 7.05057E-5 5.88886E-5 4.0029E-5 3.37705E-5 2.54884E-5 1.84288E-5 1.34086E-5 9.47297E-6 6.79071E-6 5.28687E-6 3.7851E-6 3.08733E-6 1.75658E-6 1.18736E-6 9.86495E-7 8.4109E-7
-9999 -9999 -9999 -9999 -9999 -9999 -9999 -9999 -9999 -9999 -9999 -9999 -9999 -9999 -9999 -9999 -9999 -9999 -9999 -9999 -9999 -9999 -9999 -9999 -9999 -9999 -9999 -9999 -9999 -9999 -9999 -9999 -9999 -9999 -9999 -9999 -9999 -9999 -9999 -9999 -9999 -9999 -9999 5.89327E-1 4.50176E-1 2.76055E-1 1.48162E-1 5.93052E-2 2.46041E-2 1.17127E-2 6.82735E-3 5.00903E-3 3.17587E-3 2.00425E-3 1.61904E-3 1.35897E-3 6.37307E-4 3.24112E-4 1.70811E-4 9.70835E-5 7.61712E-5 5.69309E-5 3.83315E-5 2.90948E-5 2.40928E-5 1.72763E-5 1.24114E-5 8.97285E-6 6.44916E-6 4.97269E-6 3.80722E-6 2.84118E-6 1.70638E-6 1.18108E-6 1.02878E-6 8.48476E-7
-9999 -9999 -9999 -9999 -9999 -9999 -9999 -9999 -9999 -9999 -9999 -9999 -9999 -9999 -9999 -9999 -9999 -9999 -9999 -9999 -9999 -9999 -9999 -9999 -9999 -9999 -9999 -9999 -9999 -9999 -9999 -9999 -9999 -9999 -9999 -9999 -9999 -9999 -9999 -9999 -9999 -9999 -9999 5.56681E-1 4.58121E-1 3.07324E-1 2.08104E-1 1.19727E-1 5.8593E-2 2.01359E-2 8.75399E-3 5.50146E-3 3.45758E-3 2.23124E-3 1.74143E-3 1.38841E-3 7.2694E-4 3.58169E-4 1.86811E-4 1.14291E-4 8.75109E-5 5.81738E-5 4.22823E-5 3.21447E-5 2.57724E-5 1.7557E-5 1.24631E-5 8.86573E-6 6.50362E-6 4.85313E-6 3.46399E-6 2.44956E-6 1.52182E-6 1.22368E-6 1.03195E-6 7.7535E-7
-9999 -9999 -9999 -9999 -9999 -9999 -9999 -9999 -9999 -9999 -9999 -9999 -9999 -9999 -9999 -9999 -9999 -9999 -9999 -9999 -9999 -9999 -9999 -9999 -9999 -9999 -9999 -9999 -9999 -9999 -9999 -9999 -9999 -9999 -9999 -9999 -9999 -9999 -9999 -9999 -9999 -9999 -9999 4.94836E-1 4.67538E-1 3.52772E-1 2.54833E-1 1.65132E-1 9.92167E-2 4.04891E-2 1.27594E-2 6.76875E-3 3.94875E-3 2.48136E-3 1.82923E-3 1.4435E-3 8.05925E-4 3.9329E-4 2.12927E-4 1.22961E-4 9.35088E-5 6.72953E-5 4.54007E-5 3.45425E-5 2.60308E-5 1.85056E-5 1.29432E-5 9.05991E-6 6.39789E-6 4.86801E-6 3.57179E-6 2.65387E-6 1.46348E-6 1.15342E-6 9.37043E-7 6.9691E-7
