data/processed/Maxent_results1/MaxEnt_Output_betamultiplier_2/religiosa_stddev.asc
ncols         804
nrows         479
xllcorner     -160.716666666667
yllcorner     18.575
cellsize      0.008333333333
NODATA_value  -9999
[rows 340 to 373 of 479, columns 532 to 607 of 804]
-9999 -9999 -9999 -9999 -9999 -9999 -9999 -9999 -9999 -9999 -9999 -9999 -9999 -9999 -9999 -9999 -9999 -9999 -9999 -9999 -9999 -9999 -9999 -9999 -9999 -9999 -9999 6.9254E-3 5.2805E-3 5.65111E-3 1.98239E-2 7.43445E-2 5.21249E-2 3.53887E-2 2.60444E-2 1.56881E-2 9.49954E-3 5.10405E-3 3.18964E-3 1.87078E-3 1.23829E-3 7.42217E-4 4.17756E-4 3.01816E-4 2.55574E-4 2.21494E-4 1.83807E-4 1.80321E-4 1.7817E-4 1.67425E-4 1.49834E-4 1.32452E-4 1.11475E-4 9.11522E-5 7.63297E-5 7.53383E-5 6.72833E-5 5.98907E-5 5.57232E-5 4.67596E-5 4.32494E-5 4.04835E-5 4.01807E-5 4.00227E-5 3.66603E-5 3.565E-5 3.29219E-5 2.60975E-5 3.01477E-5 3.14839E-5 2.99067E-5 2.46503E-5 2.19735E-5 1.69892E-5 1.5201E-5 1.31299E-5
-9999 -9999 -9999 -9999 -9999 -9999 -9999 -9999 -9999 -9999 -9999 -9999 -9999 -9999 -9999 -9999 -9999 -9999 -9999 -9999 -9999 -9999 -9999 -9999 -9999 -9999 -9999 8.92088E-3 8.12191E-3 4.93633E-3 2.57576E-2 4.08136E-2 5.49329E-2 3.03801E-2 3.35808E-2 1.7235E-2 1.01212E-2 5.46571E-3 3.12482E-3 1.92784E-3 1.1938E-3 7.20143E-4 3.60201E-4 2.2441E-4 1.5419E-4 1.17818E-4 1.04029E-4 9.76058E-5 8.69913E-5 9.89578E-5 1.12575E-4 8.47223E-5 6.66802E-5 5.3342E-5 4.30405E-5 4.34686E-5 3.86529E-5 3.79979E-5 3.22519E-5 2.9684E-5 3.19041E-5 3.06545E-5 2.64716E-5 2.41183E-5 2.19669E-5 2.44345E-5 2.94416E-5 2.54865E-5 2.51949E-5 2.52947E-5 2.41798E-5 2.00345E-5 1.63002E-5 1.36449E-5 1.17715E-5 1.03008E-5
-9999 -9999 -9999 -9999 -9999 -9999 -9999 -9999 -9999 -9999 -9999 -9999 -9999 -9999 -9999 -9999 -9999 -9999 -9999 -9999 -9999 -9999 -9999 -9999 -9999 -9999 -9999 -9999 1.15008E-2 7.82956E-3 1.15803E-2 4.44862E-2 4.89126E-2 3.56185E-2 2.88644E-2 1.97983E-2 1.07815E-2 5.94068E-3 3.68811E-3 2.25757E-3 1.37309E-3 9.21928E-4 4.46517E-4 2.54816E-4 1.35825E-4 8.54455E-5 6.51924E-5 5.37332E-5 5.02665E-5 5.20821E-5 6.65704E-5 6.06855E-5 4.24711E-5 2.95775E-5 2.3616E-5 2.45024E-5 2.27598E-5 2.3996E-5 2.00553E-5 2.2697E-5 2.2141E-5 2.09607E-5 2.12443E-5 1.4911E-5 1.33119E-5 1.71433E-5 2.10605E-5 2.1019E-5 2.00787E-5 1.97345E-5 1.70764E-5 1.51778E-5 1.22518E-5 1.1284E-5 1.01799E-5 6.86618E-6
-9999 -9999 -9999 -9999 -9999 -9999 -9999 -9999 -9999 -9999 -9999 -9999 -9999 -9999 -9999 -9999 -9999 -9999 -9999 -9999 -9999 -9999 -9999 -9999 -9999 -9999 -9999 -9999 1.07742E-2 9.31406E-3 9.86324E-3 2.54539E-2 6.001E-2 3.68077E-2 2.74744E-2 2.17721E-2 1.37064E-2 7.53118E-3 3.94166E-3 2.64047E-3 1.64361E-3 1.10872E-3 5.87663E-4 3.10344E-4 1.67556E-4 9.23425E-5 6.11923E-5 4.11355E-5 3.26855E-5 3.4927E-5 4.56398E-5 4.82016E-5 2.96342E-5 1.84812E-5 1.53893E-5 1.48274E-5 1.38185E-5 1.42165E-5 1.48433E-5 1.29393E-5 9.27868E-6 9.50452E-6 8.47474E-6 1.12387E-5 1.04502E-5 1.21693E-5 1.47897E-5 1.40706E-5 1.61851E-5 1.66327E-5 1.34907E-5 1.15924E-5 8.11423E-6 6.80959E-6 6.60033E-6 5.59799E-6
-9999 -9999 -9999 -9999 -9999 -9999 -9999 -9999 -9999 -9999 -9999 -9999 -9999 -9999 -9999 -9999 -9999 -9999 -9999 -9999 -9999 -9999 -9999 -9999 -9999 -9999 -9999 -9999 2.40702E-2 1.17863E-2 1.39438E-2 2.58642E-2 4.82925E-2 5.11697E-2 3.32084E-2 2.48869E-2 1.58145E-2 8.60677E-3 5.27289E-3 3.28086E-3 2.16206E-3 1.50055E-3 7.56476E-4 3.69413E-4 2.0083E-4 9.30697E-5 6.70443E-5 4.27596E-5 2.57953E-5 2.56922E-5 3.10694E-5 3.85308E-5 2.03232E-5 1.21714E-5 1.02273E-5 9.61924E-6 9.66359E-6 9.32311E-6 9.03333E-6 4.02483E-6 4.63008E-6 5.39535E-6 5.62521E-6 7.21063E-6 7.85926E-6 9.18981E-6 6.58549E-6 8.66335E-6 1.13632E-5 1.25473E-5 1.20683E-5 8.93255E-6 8.10041E-6 6.08108E-6 4.36345E-6 3.56132E-6
-9999 -9999 -9999 -9999 -9999 -9999 -9999 -9999 -9999 -9999 -9999 -9999 -9999 -9999 -9999 -9999 -9999 -9999 -9999 -9999 -9999 -9999 -9999 -9999 -9999 -9999 -9999 -9999 -9999 -9999 9.87936E-3 2.75803E-2 5.07413E-2 6.32948E-2 3.25131E-2 3.59987E-2 2.33259E-2 9.97339E-3 6.92214E-3 4.10629E-3 2.7735E-3 1.78075E-3 1.089E-3 5.66668E-4 3.11539E-4 1.61069E-4 8.21915E-5 4.76423E-5 3.19839E-5 2.55146E-5 2.73256E-5 3.88797E-5 2.64132E-5 1.46613E-5 1.12641E-5 9.8096E-6 8.32111E-6 8.38234E-6 5.59912E-6 3.26586E-6 3.5057E-6 4.56171E-6 6.49765E-6 6.83644E-6 5.44492E-6 7.87499E-6 5.85116E-6 7.70858E-6 8.97851E-6 1.1568E-5 1.30022E-5 1.12444E-5 7.57764E-6 5.54646E-6 4.6558E-6 4.11847E-6
-9999 -9999 -9999 -9999 -9999 -9999 -9999 -9999 -9999 -9999 -9999 -9999 -9999 -9999 -9999 -9999 -9999 -9999 -9999 -9999 -9999 -9999 -9999 -9999 -9999 -9999 -9999 -9999 -9999 -9999 8.76315E-3 2.59004E-2 3.07866E-2 5.05982E-2 3.16726E-2 3.41111E-2 2.2035E-2 1.67262E-2 9.34667E-3 4.7886E-3 3.31196E-3 2.20383E-3 1.56989E-3 9.07052E-4 4.22069E-4 2.14313E-4 1.25956E-4 7.22458E-5 4.89324E-5 4.06933E-5 4.55114E-5 4.83029E-5 2.75647E-5 1.68598E-5 1.30849E-5 1.08112E-5 9.29674E-6 7.96632E-6 5.40986E-6 4.36989E-6 3.15327E-6 4.04807E-6 3.90292E-6 4.71225E-6 4.7836E-6 6.06937E-6 5.93555E-6 7.13939E-6 8.90475E-6 1.18386E-5 1.24629E-5 1.02443E-5 7.29293E-6 5.97221E-6 4.065E-6 3.69764E-6
-9999 -9999 -9999 -9999 -9999 -9999 -9999 -9999 -9999 -9999 -9999 -9999 -9999 -9999 -9999 -9999 -9999 -9999 -9999 -9999 -9999 -9999 -9999 -9999 -9999 -9999 -9999 -9999 -9999 -9999 -9999 1.84334E-2 3.87053E-2 4.45125E-2 3.93128E-2 3.23177E-2 2.86771E-2 1.48644E-2 9.75424E-3 6.2621E-3 3.79053E-3 2.61552E-3 1.82469E-3 1.21318E-3 6.30453E-4 3.21184E-4 1.74071E-4 1.27572E-4 8.37649E-5 7.5008E-5 7.75815E-5 5.17489E-5 3.31107E-5 2.05437E-5 1.4907E-5 1.2155E-5 9.5981E-6 8.01599E-6 5.11625E-6 3.40864E-6 3.98199E-6 3.17038E-6 3.30333E-6 4.07678E-6 4.22068E-6 5.22126E-6 7.91051E-6 8.62646E-6 8.77095E-6 1.17009E-5 1.16499E-5 9.77259E-6 7.29748E-6 6.74708E-6 5.30386E-6 4.17836E-6
-9999 -9999 -9999 -9999 -9999 -9999 -9999 -9999 -9999 -9999 -9999 -9999 -9999 -9999 -9999 -9999 -9999 -9999 -9999 -9999 -9999 -9999 -9999 -9999 -9999 -9999 -9999 -9999 -9999 -9999 9.69992E-3 3.04037E-2 4.35402E-2 4.69662E-2 5.06948E-2 3.56622E-2 2.39053E-2 2.2165E-2 1.4362E-2 7.50343E-3 4.78184E-3 3.06911E-3 2.1266E-3 1.32329E-3 8.53553E-4 4.64296E-4 2.81989E-4 1.89412E-4 1.45535E-4 1.39672E-4 9.33123E-5 5.86168E-5 3.74476E-5 2.41325E-5 1.8206E-5 1.27998E-5 1.05825E-5 8.38568E-6 4.3372E-6 3.41419E-6 3.0018E-6 2.82173E-6 3.00739E-6 3.04272E-6 3.74823E-6 4.41497E-6 6.93366E-6 7.3089E-6 9.90825E-6 1.1669E-5 1.1525E-5 9.65462E-6 7.67377E-6 6.95615E-6 5.95643E-6 4.63982E-6
-9999 -9999 -9999 -9999 -9999 -9999 -9999 -9999 -9999 -9999 -9999 -9999 -9999 -9999 -9999 -9999 -9999 -9999 -9999 -9999 -9999 -9999 -9999 -9999 -9999 -9999 -9999 -9999 -9999 -9999 1.21127E-2 2.78412E-2 4.0889E-2 4.62067E-2 4.27011E-2 3.92651E-2 3.32424E-2 2.06944E-2 1.8399E-2 9.94771E-3 6.0316E-3 3.85476E-3 2.41188E-3 1.54351E-3 9.61493E-4 6.01713E-4 4.20023E-4 2.85264E-4 2.18745E-4 1.77656E-4 1.15604E-4 6.96483E-5 4.68762E-5 2.96314E-5 2.12625E-5 1.52859E-5 1.08607E-5 8.23002E-6 4.00105E-6 3.17765E-6 3.48326E-6 3.54828E-6 2.60641E-6 2.93975E-6 3.87757E-6 4.23111E-6 6.09172E-6 9.01774E-6 1.01609E-5 1.02458E-5 1.04123E-5 9.27842E-6 7.67816E-6 6.41837E-6 5.58155E-6 4.8521E-6
-9999 -9999 -9999 -9999 -9999 -9999 -9999 -9999 -9999 -9999 -9999 -9999 -9999 -9999 -9999 -9999 -9999 -9999 -9999 -9999 -9999 -9999 -9999 -9999 -9999 -9999 -9999 -9999 -9999 -9999 -9999 -9999 4.00585E-2 4.57044E-2 4.00337E-2 3.71097E-2 3.23037E-2 2.90867E-2 2.4829E-2 1.28904E-2 7.69244E-3 4.46935E-3 2.89401E-3 1.86103E-3 1.16006E-3 7.89842E-4 6.07138E-4 4.09825E-4 2.98999E-4 2.14066E-4 1.4164E-4 8.79876E-5 5.93477E-5 3.85546E-5 2.60026E-5 1.75809E-5 1.26067E-5 8.75714E-6 3.98589E-6 3.38507E-6 3.78387E-6 3.55461E-6 3.69685E-6 3.95861E-6 3.83593E-6 4.48345E-6 5.61091E-6 6.6442E-6 9.03868E-6 9.20544E-6 8.33166E-6 7.20628E-6 6.20132E-6 5.65705E-6 5.01544E-6 4.35025E-6
-9999 -9999 -9999 -9999 -9999 -9999 -9999 -9999 -9999 -9999 -9999 -9999 -9999 -9999 -9999 -9999 -9999 -9999 -9999 -9999 -9999 -9999 -9999 -9999 -9999 -9999 -9999 -9999 -9999 -9999 -9999 -9999 -9999 -9999 -9999 6.05106E-2 3.78454E-2 3.09196E-2 2.22261E-2 1.74216E-2 8.0767E-3 5.68753E-3 3.23931E-3 2.1964E-3 1.49986E-3 1.02159E-3 7.38095E-4 5.13349E-4 3.50539E-4 2.8456E-4 1.77254E-4 1.20925E-4 7.99643E-5 5.30528E-5 3.44928E-5 2.27608E-5 1.60629E-5 1.02759E-5 5.50573E-6 3.19832E-6 3.46316E-6 4.42482E-6 4.81005E-6 5.52353E-6 5.49544E-6 5.86868E-6 6.72259E-6 7.44453E-6 7.68084E-6 7.70618E-6 6.09554E-6 5.45587E-6 4.54186E-6 4.03275E-6 3.69687E-6 3.0826E-6
-9999 -9999 -9999 -9999 -9999 -9999 -9999 -9999 -9999 -9999 -9999 -9999 -9999 -9999 -9999 -9999 -9999 -9999 -9999 -9999 -9999 -9999 -9999 -9999 -9999 -9999 -9999 -9999 -9999 -9999 -9999 -9999 -9999 -9999 -9999 5.13214E-2 3.70928E-2 3.6659E-2 2.83584E-2 2.07465E-2 1.11915E-2 6.27563E-3 4.0025E-3 2.63219E-3 1.79986E-3 1.23979E-3 8.17759E-4 5.93599E-4 3.93377E-4 3.49252E-4 2.40391E-4 1.59357E-4 1.08958E-4 7.40857E-5 4.75388E-5 2.7092E-5 1.85914E-5 1.23595E-5 6.45775E-6 3.74333E-6 4.48469E-6 4.66562E-6 5.89946E-6 6.60766E-6 7.00634E-6 6.67917E-6 7.52382E-6 7.91964E-6 6.99045E-6 6.06085E-6 5.18307E-6 3.80784E-6 3.56819E-6 3.21553E-6 2.9342E-6 2.69294E-6
-9999 -9999 -9999 -9999 -9999 -9999 -9999 -9999 -9999 -9999 -9999 -9999 -9999 -9999 -9999 -9999 -9999 -9999 -9999 -9999 -9999 -9999 -9999 -9999 -9999 -9999 -9999 -9999 -9999 -9999 -9999 -9999 -9999 -9999 -9999 -9999 3.19476E-2 3.18193E-2 3.61345E-2 2.31147E-2 1.30485E-2 8.0064E-3 4.71235E-3 3.36852E-3 2.20147E-3 1.40977E-3 9.82345E-4 6.16866E-4 4.75128E-4 4.54767E-4 3.34169E-4 2.21796E-4 1.47922E-4 1.04259E-4 6.1505E-5 4.04317E-5 2.15284E-5 1.43031E-5 8.12E-6 4.84974E-6 5.35902E-6 6.078E-6 7.71858E-6 8.04099E-6 9.2203E-6 8.0738E-6 7.82081E-6 7.61153E-6 6.43176E-6 4.81018E-6 4.77624E-6 4.18464E-6 3.22667E-6 2.76895E-6 2.52696E-6 2.09655E-6
-9999 -9999 -9999 -9999 -9999 -9999 -9999 -9999 -9999 -9999 -9999 -9999 -9999 -9999 -9999 -9999 -9999 -9999 -9999 -9999 -9999 -9999 -9999 -9999 -9999 -9999 -9999 -9999 -9999 -9999 -9999 -9999 -9999 -9999 -9999 -9999 3.89208E-2 1.60837E-2 3.44985E-2 2.65238E-2 1.59905E-2 9.22129E-3 5.48718E-3 3.85085E-3 2.80384E-3 1.76588E-3 1.0792E-3 7.08271E-4 5.35429E-4 5.09676E-4 4.13874E-4 2.91943E-4 2.05134E-4 1.48911E-4 8.38176E-5 4.77752E-5 2.23872E-5 1.51497E-5 9.4403E-6 5.67124E-6 6.77534E-6 8.92517E-6 9.94597E-6 1.03707E-5 1.08587E-5 9.43965E-6 8.23911E-6 7.07765E-6 5.46571E-6 4.28579E-6 3.32315E-6 3.28612E-6 3.01261E-6 2.15853E-6 1.87961E-6 1.72979E-6
-9999 -9999 -9999 -9999 -9999 -9999 -9999 -9999 -9999 -9999 -9999 -9999 -9999 -9999 -9999 -9999 -9999 -9999 -9999 -9999 -9999 -9999 -9999 -9999 -9999 -9999 -9999 -9999 -9999 -9999 -9999 -9999 -9999 -9999 -9999 -9999 -9999 1.47161E-2 2.07709E-2 2.8816E-2 1.87015E-2 1.10901E-2 7.051E-3 4.43117E-3 2.90478E-3 1.69754E-3 1.134E-3 8.35659E-4 5.90257E-4 5.29429E-4 5.04181E-4 4.0053E-4 2.81194E-4 1.94048E-4 1.11102E-4 5.95809E-5 3.46471E-5 1.43788E-5 1.11802E-5 7.13195E-6 8.52496E-6 9.56774E-6 1.17283E-5 1.12335E-5 1.22347E-5 1.00629E-5 8.68259E-6 6.25146E-6 5.20232E-6 3.61759E-6 2.89206E-6 2.93442E-6 2.41951E-6 1.91038E-6 1.54365E-6 1.37002E-6
-9999 -9999 -9999 -9999 -9999 -9999 -9999 -9999 -9999 -9999 -9999 -9999 -9999 -9999 -9999 -9999 -9999 -9999 -9999 -9999 -9999 -9999 -9999 -9999 -9999 -9999 -9999 -9999 -9999 -9999 -9999 -9999 -9999 -9999 -9999 -9999 -9999 2.75203E-2 1.51682E-2 1.66722E-2 1.79888E-2 1.28488E-2 7.69902E-3 4.83738E-3 2.9834E-3 1.80295E-3 1.23725E-3 8.54845E-4 6.08377E-4 5.68103E-4 5.53611E-4 4.33627E-4 2.96568E-4 2.07338E-4 1.2738E-4 6.55323E-5 3.78672E-5 1.27612E-5 1.2942E-5 9.54308E-6 9.69214E-6 1.01255E-5 1.13527E-5 1.17057E-5 1.23714E-5 1.02043E-5 8.43514E-6 6.43927E-6 4.98389E-6 3.42271E-6 2.9111E-6 2.48667E-6 2.10175E-6 1.80667E-6 1.39051E-6 1.0227E-6
-9999 -9999 -9999 -9999 -9999 -9999 -9999 -9999 -9999 -9999 -9999 -9999 -9999 -9999 -9999 -9999 -9999 -9999 -9999 -9999 -9999 -9999 -9999 -9999 -9999 -9999 -9999 -9999 -9999 -9999 -9999 -9999 -9999 -9999 -9999 -9999 -9999 3.54814E-2 2.33716E-2 2.02263E-2 1.68557E-2 1.27564E-2 8.75113E-3 5.78221E-3 3.35017E-3 2.0168E-3 1.4152E-3 9.61855E-4 6.73201E-4 6.30234E-4 6.12943E-4 4.54859E-4 3.0262E-4 2.20618E-4 1.27747E-4 7.98684E-5 4.2716E-5 2.09533E-5 1.347E-5 1.00401E-5 1.03067E-5 1.0991E-5 1.18465E-5 1.26131E-5 1.42589E-5 1.07142E-5 8.006E-6 6.01575E-6 4.92274E-6 3.84802E-6 2.94018E-6 2.43849E-6 1.95133E-6 1.5815E-6 1.32661E-6 9.19305E-7
-9999 -9999 -9999 -9999 -9999 -9999 -9999 -9999 -9999 -9999 -9999 -9999 -9999 -9999 -9999 -9999 -9999 -9999 -9999 -9999 -9999 -9999 -9999 -9999 -9999 -9999 -9999 -9999 -9999 -9999 -9999 -9999 -9999 -9999 -9999 -9999 -9999 -9999 2.89301E-2 1.59444E-2 1.95259E-2 1.15706E-2 8.72806E-3 5.77144E-3 3.80936E-3 2.2292E-3 1.47643E-3 1.04984E-3 7.67657E-4 6.69826E-4 6.24907E-4 5.00159E-4 3.51429E-4 2.53478E-4 1.44627E-4 8.38327E-5 5.10231E-5 2.69867E-5 1.67441E-5 1.15499E-5 1.17547E-5 1.13505E-5 1.26209E-5 1.33374E-5 1.41026E-5 1.07535E-5 8.61178E-6 6.79831E-6 4.86538E-6 3.78838E-6 2.91216E-6 2.11446E-6 1.80843E-6 1.39842E-6 1.0154E-6 8.0901E-7
-9999 -9999 -9999 -9999 -9999 -9999 -9999 -9999 -9999 -9999 -9999 -9999 -9999 -9999 -9999 -9999 -9999 -9999 -9999 -9999 -9999 -9999 -9999 -9999 -9999 -9999 -9999 -9999 -9999 -9999 -9999 -9999 -9999 -9999 -9999 -9999 -9999 -9999 2.89614E-2 1.57511E-2 1.60232E-2 1.55483E-2 9.96364E-3 6.4558E-3 4.14765E-3 2.45692E-3 1.72956E-3 1.31349E-3 8.68963E-4 7.88447E-4 7.02232E-4 5.78025E-4 3.98806E-4 2.64571E-4 1.56638E-4 9.57446E-5 5.26646E-5 3.28245E-5 1.89863E-5 1.34752E-5 1.28415E-5 1.26809E-5 1.25495E-5 1.39663E-5 1.3881E-5 1.12294E-5 7.79627E-6 6.56615E-6 5.08271E-6 3.80934E-6 2.87363E-6 1.97447E-6 1.54493E-6 1.2203E-6 8.63708E-7 5.64322E-7
-9999 -9999 -9999 -9999 -9999 -9999 -9999 -9999 -9999 -9999 -9999 -9999 -9999 -9999 -9999 -9999 -9999 -9999 -9999 -9999 -9999 -9999 -9999 -9999 -9999 -9999 -9999 -9999 -9999 -9999 -9999 -9999 -9999 -9999 -9999 -9999 -9999 -9999 3.23922E-2 1.95822E-2 1.74633E-2 1.57785E-2 1.09374E-2 7.14657E-3 4.5593E-3 3.22213E-3 2.11647E-3 1.4385E-3 1.0034E-3 8.34474E-4 7.4525E-4 6.15213E-4 4.43939E-4 3.09172E-4 1.78114E-4 1.05049E-4 6.43388E-5 3.73947E-5 2.36299E-5 1.54789E-5 1.33593E-5 1.45237E-5 1.4527E-5 1.46473E-5 1.51131E-5 1.14035E-5 8.08408E-6 6.01898E-6 4.95704E-6 3.73251E-6 2.58112E-6 1.87247E-6 1.35032E-6 1.06441E-6 6.67906E-7 5.40854E-7
-9999 -9999 -9999 -9999 -9999 -9999 -9999 -9999 -9999 -9999 -9999 -9999 -9999 -9999 -9999 -9999 -9999 -9999 -9999 -9999 -9999 -9999 -9999 -9999 -9999 -9999 -9999 -9999 -9999 -9999 -9999 -9999 -9999 -9999 -9999 -9999 -9999 -9999 3.71708E-2 3.0868E-2 1.9686E-2 1.65265E-2 1.2533E-2 8.57542E-3 5.09981E-3 3.97504E-3 2.65606E-3 1.69662E-3 1.15212E-3 9.50252E-4 8.48827E-4 6.75409E-4 4.61701E-4 3.29345E-4 1.9134E-4 1.09794E-4 6.62607E-5 4.35479E-5 2.60172E-5 1.64023E-5 1.51925E-5 1.52026E-5 1.52761E-5 1.4389E-5 1.3734E-5 1.08426E-5 7.675E-6 5.48703E-6 4.46948E-6 3.59382E-6 2.4318E-6 1.67761E-6 1.24061E-6 9.03059E-7 6.42932E-7 4.31293E-7
-9999 -9999 -9999 -9999 -9999 -9999 -9999 -9999 -9999 -9999 -9999 -9999 -9999 -9999 -9999 -9999 -9999 -9999 -9999 -9999 -9999 -9999 -9999 -9999 -9999 -9999 -9999 -9999 -9999 -9999 -9999 -9999 -9999 -9999 -9999 -9999 -9999 -9999 -9999 2.02598E-2 2.12821E-2 1.72501E-2 1.35394E-2 1.01781E-2 6.60457E-3 3.9261E-3 2.89783E-3 1.88254E-3 1.27729E-3 1.05339E-3 9.20111E-4 6.93389E-4 4.93862E-4 3.38769E-4 2.08782E-4 1.21865E-4 7.416E-5 4.84271E-5 2.70863E-5 1.78773E-5 1.69085E-5 1.65085E-5 1.55134E-5 1.41855E-5 1.39395E-5 9.80963E-6 7.2017E-6 5.28498E-6 3.89298E-6 3.17909E-6 2.2468E-6 1.57677E-6 1.13514E-6 7.81396E-7 5.63511E-7 4.34395E-7
-9999 -9999 -9999 -9999 -9999 -9999 -9999 -9999 -9999 -9999 -9999 -9999 -9999 -9999 -9999 -9999 -9999 -9999 -9999 -9999 -9999 -9999 -9999 -9999 -9999 -9999 -9999 -9999 -9999 -9999 -9999 -9999 -9999 -9999 -9999 -9999 -9999 -9999 -9999 2.27044E-2 1.899E-2 2.13474E-2 1.56422E-2 1.13402E-2 6.55745E-3 4.58781E-3 3.09731E-3 2.1205E-3 1.5807E-3 1.27412E-3 9.686E-4 7.2323E-4 5.40685E-4 3.78825E-4 2.30032E-4 1.34301E-4 7.8277E-5 5.13549E-5 2.95592E-5 1.98747E-5 1.82048E-5 1.67346E-5 1.538E-5 1.4359E-5 1.32591E-5 9.17596E-6 6.83738E-6 4.8181E-6 3.46524E-6 2.79825E-6 1.9203E-6 1.46301E-6 9.82412E-7 7.41035E-7 5.33414E-7 3.88609E-7
-9999 -9999 -9999 -9999 -9999 -9999 -9999 -9999 -9999 -9999 -9999 -9999 -9999 -9999 -9999 -9999 -9999 -9999 -9999 -9999 -9999 -9999 -9999 -9999 -9999 -9999 -9999 -9999 -9999 -9999 -9999 -9999 -9999 -9999 -9999 -9999 -9999 -9999 -9999 2.0816E-2 1.59725E-2 1.78641E-2 1.55241E-2 1.26217E-2 8.33153E-3 5.04077E-3 3.61624E-3 2.42979E-3 1.7388E-3 1.39603E-3 1.04458E-3 7.35098E-4 5.31719E-4 4.01034E-4 2.43419E-4 1.51903E-4 8.79651E-5 5.30862E-5 3.73016E-5 2.15784E-5 1.90697E-5 1.70488E-5 1.54015E-5 1.4533E-5 1.26948E-5 8.76349E-6 6.17107E-6 4.41208E-6 3.17173E-6 2.40663E-6 1.65473E-6 1.15425E-6 8.97889E-7 6.39288E-7 4.28846E-7 3.1188E-7
-9999 -9999 -9999 -9999 -9999 -9999 -9999 -9999 -9999 -9999 -9999 -9999 -9999 -9999 -9999 -9999 -9999 -9999 -9999 -9999 -9999 -9999 -9999 -9999 -9999 -9999 -9999 -9999 -9999 -9999 -9999 -9999 -9999 -9999 -9999 -9999 -9999 -9999 -9999 2.45033E-2 1.70065E-2 2.08701E-2 1.91659E-2 1.43574E-2 9.0036E-3 5.92739E-3 3.92891E-3 2.89606E-3 2.135E-3 1.58389E-3 1.06761E-3 7.77961E-4 5.65115E-4 4.1258E-4 2.54074E-4 1.48777E-4 9.43833E-5 5.70855E-5 3.90852E-5 2.69408E-5 2.09521E-5 1.81415E-5 1.57914E-5 1.41167E-5 1.28385E-5 8.6476E-6 5.82468E-6 4.0777E-6 3.00951E-6 2.15114E-6 1.54511E-6 1.19783E-6 7.84107E-7 5.08411E-7 3.33298E-7 2.55864E-7
-9999 -9999 -9999 -9999 -9999 -9999 -9999 -9999 -9999 -9999 -9999 -9999 -9999 -9999 -9999 -9999 -9999 -9999 -9999 -9999 -9999 -9999 -9999 -9999 -9999 -9999 -9999 -9999 -9999 -9999 -9999 -9999 -9999 -9999 -9999 -9999 -9999 -9999 -9999 2.29696E-2 3.76524E-2 2.91697E-2 1.8661E-2 1.43906E-2 1.0069E-2 6.41694E-3 4.28813E-3 3.01312E-3 2.19622E-3 1.5783E-3 1.20897E-3 8.35459E-4 5.86446E-4 4.60756E-4 2.9421E-4 1.72963E-4 1.11237E-4 6.50526E-5 4.24217E-5 2.97029E-5 2.33487E-5 1.80054E-5 1.54633E-5 1.37969E-5 1.1707E-5 8.12057E-6 5.46569E-6 3.69788E-6 2.72186E-6 2.00931E-6 1.41842E-6 9.89597E-7 7.42491E-7 4.622E-7 3.20878E-7 2.49766E-7
-9999 -9999 -9999 -9999 -9999 -9999 -9999 -9999 -9999 -9999 -9999 -9999 -9999 -9999 -9999 -9999 -9999 -9999 -9999 -9999 -9999 -9999 -9999 -9999 -9999 -9999 -9999 -9999 -9999 -9999 -9999 -9999 -9999 -9999 -9999 -9999 -9999 -9999 -9999 -9999 1.87109E-2 3.06242E-2 2.12214E-2 1.75715E-2 1.16448E-2 7.12107E-3 4.66832E-3 3.25278E-3 2.5791E-3 1.72886E-3 1.32064E-3 1.03797E-3 7.66617E-4 5.86573E-4 3.71436E-4 2.17073E-4 1.21113E-4 7.16946E-5 4.32858E-5 2.85444E-5 2.43886E-5 1.84828E-5 1.45339E-5 1.23936E-5 1.0542E-5 7.36381E-6 5.1637E-6 3.53027E-6 2.58352E-6 1.94181E-6 1.32976E-6 1.0614E-6 7.17741E-7 4.99235E-7 3.37441E-7 2.81485E-7
-9999 -9999 -9999 -9999 -9999 -9999 -9999 -9999 -9999 -9999 -9999 -9999 -9999 -9999 -9999 -9999 -9999 -9999 -9999 -9999 -9999 -9999 -9999 -9999 -9999 -9999 -9999 -9999 -9999 -9999 -9999 -9999 -9999 -9999 -9999 -9999 -9999 -9999 -9999 -9999 2.17928E-2 1.74981E-2 2.29765E-2 1.65731E-2 1.47607E-2 9.46007E-3 6.03537E-3 4.13951E-3 2.91523E-3 2.00746E-3 1.41739E-3 1.05232E-3 7.95759E-4 5.99134E-4 4.35892E-4 2.38148E-4 1.39243E-4 7.60376E-5 4.3867E-5 2.91556E-5 2.37831E-5 1.83021E-5 1.4849E-5 1.1349E-5 1.01798E-5 6.85105E-6 4.89916E-6 3.42617E-6 2.36311E-6 1.85624E-6 1.29676E-6 1.00516E-6 7.41458E-7 4.97952E-7 3.44843E-7 3.02141E-7
-9999 -9999 -9999 -9999 -9999 -9999 -9999 -9999 -9999 -9999 -9999 -9999 -9999 -9999 -9999 -9999 -9999 -9999 -9999 -9999 -9999 -9999 -9999 -9999 -9999 -9999 -9999 -9999 -9999 -9999 -9999 -9999 -9999 -9999 -9999 -9999 -9999 -9999 -9999 -9999 1.88871E-2 1.61804E-2 2.78694E-2 2.53076E-2 1.79161E-2 1.21453E-2 8.0818E-3 4.9482E-3 3.36361E-3 2.08431E-3 1.56491E-3 1.04921E-3 7.62134E-4 5.43429E-4 4.78759E-4 2.94794E-4 1.56066E-4 8.54198E-5 4.70798E-5 2.92741E-5 2.24727E-5 1.89929E-5 1.33724E-5 1.0781E-5 8.86255E-6 6.31071E-6 4.52043E-6 3.27501E-6 2.27778E-6 1.79694E-6 1.28923E-6 9.91936E-7 6.23138E-7 4.82167E-7 3.42994E-7 2.92941E-7
-9999 -9999 -9999 -9999 -9999 -9999 -9999 -9999 -9999 -9999 -9999 -9999 -9999 -9999 -9999 -9999 -9999 -9999 -9999 -9999 -9999 -9999 -9999 -9999 -9999 -9999 -9999 -9999 -9999 -9999 -9999 -9999 -9999 -9999 -9999 -9999 -9999 -9999 -9999 -9999 -9999 7.52079E-2 -9999 2.62553E-2 2.58797E-2 1.9374E-2 1.29881E-2 7.29887E-3 4.18749E-3 2.31592E-3 1.63219E-3 1.17466E-3 7.67669E-4 5.34915E-4 4.60585E-4 3.49212E-4 1.77123E-4 9.12906E-5 4.9206E-5 3.00924E-5 2.19972E-5 1.82861E-5 1.269E-5 1.07545E-5 8.12139E-6 5.90704E-6 4.31904E-6 3.06561E-6 2.21459E-6 1.72446E-6 1.24314E-6 1.003E-6 5.89112E-7 4.07553E-7 3.39795E-7 2.91093E-7
-9999 -9999 -9999 -9999 -9999 -9999 -9999 -9999 -9999 -9999 -9999 -9999 -9999 -9999 -9999 -9999 -9999 -9999 -9999 -9999 -9999 -9999 -9999 -9999 -9999 -9999 -9999 -9999 -9999 -9999 -9999 -9999 -9999 -9999 -9999 -9999 -9999 -9999 -9999 -9999 -9999 -9999 -9999 5.26547E-2 1.82726E-2 2.11867E-2 2.17883E-2 1.2391E-2 5.65528E-3 2.83653E-3 1.7041E-3 1.33116E-3 8.55822E-4 5.49339E-4 4.51607E-4 4.01957E-4 1.92218E-4 9.84116E-5 5.24595E-5 3.00433E-5 2.34957E-5 1.76572E-5 1.21811E-5 9.26282E-6 7.68012E-6 5.54211E-6 4.00095E-6 2.91297E-6 2.10209E-6 1.62042E-6 1.25139E-6 9.22268E-7 5.76033E-7 4.05966E-7 3.54691E-7 2.92768E-7
-9999 -9999 -9999 -9999 -9999 -9999 -9999 -9999 -9999 -9999 -9999 -9999 -9999 -9999 -9999 -9999 -9999 -9999 -9999 -9999 -9999 -9999 -9999 -9999 -9999 -9999 -9999 -9999 -9999 -9999 -9999 -9999 -9999 -9999 -9999 -9999 -9999 -9999 -9999 -9999 -9999 -9999 -9999 3.3732E-2 1.8425E-2 1.68721E-2 2.66802E-2 1.94227E-2 1.12971E-2 4.58794E-3 2.07142E-3 1.39913E-3 9.2173E-4 6.14273E-4 4.87367E-4 4.03911E-4 2.16911E-4 1.08066E-4 5.74247E-5 3.52264E-5 2.69266E-5 1.83057E-5 1.34486E-5 1.02408E-5 8.23105E-6 5.61064E-6 4.02535E-6 2.88376E-6 2.12431E-6 1.59227E-6 1.14001E-6 8.1064E-7 5.1836E-7 4.19448E-7 3.56112E-7 2.67891E-7
-9999 -9999 -9999 -9999 -9999 -9999 -9999 -9999 -9999 -9999 -9999 -9999 -9999 -9999 -9999 -9999 -9999 -9999 -9999 -9999 -9999 -9999 -9999 -9999 -9999 -9999 -9999 -9999 -9999 -9999 -9999 -9999 -9999 -9999 -9999 -9999 -9999 -9999 -9999 -9999 -9999 -9999 -9999 4.71491E-2 8.66907E-3 1.6873E-2 1.59666E-2 2.33853E-2 1.75577E-2 8.41189E-3 2.87439E-3 1.68732E-3 1.02726E-3 6.71879E-4 5.08817E-4 4.11487E-4 2.40635E-4 1.18408E-4 6.54088E-5 3.80455E-5 2.88104E-5 2.08921E-5 1.44609E-5 1.10232E-5 8.33107E-6 5.95105E-6 4.16243E-6 2.95021E-6 2.09435E-6 1.58817E-6 1.17632E-6 8.66438E-7 5.01134E-7 3.95909E-7 3.23596E-7 2.40864E-7
